1011695
Área.Cuidados.Intensivos.Adultos.Promedio.Días.de.Estada
Área.Cuidados.Intensivos.Adultos.Letalidad
01090020
1012199
Área.Cuidados.Intensivos.Adultos.Indice.de.Rotación
1011987
1012169
1011679
Área.Cuidados.Intermedios.Adultos.Traslados
1010573
Área.Obstetricia.Indice.de.Rotación
1011896
1010405
1010712
Área.Obstetricia.Promedio.Días.de.Estada
Datos.Establecimiento.Indice.de.Rotación
27290400
01030300
21700703
1010234
99000590
1011458
1011920
1010589
1011694
09218013
21220800
1012017
19140613
07024816
1011773
1011511
1011723
1011533
11052900
25400370
1011927
1012180
99001940
1012162
1010559
19180800
1011461
07022130
21800870
1010516
1010667
1010698
