"","n","n.trees","interaction.depth","shrinkage","n.minobsinnode","R2","RMSE","MAE"
"1",2,100,2,0.1,10,0.379371799267513,0.127950004231861,0.0986046162099497
"2",3,50,2,0.1,10,0.45569217975686,0.11982483476566,0.0937425588096437
"3",4,100,2,0.1,10,0.354896191196241,0.130448579659212,0.0921780475907084
"1",5,50,2,0.1,10,0.602101083014952,0.102449756452749,0.0694202772955462
"2",6,50,2,0.1,10,0.634096957693468,0.0982443451078004,0.0705652855897169
"3",7,50,2,0.1,10,0.458520980538199,0.11951306069096,0.0879313028917087
"4",8,50,2,0.1,10,0.438674917475591,0.121683523346185,0.0905131421322481
"5",9,50,2,0.1,10,0.339263865093334,0.132019651214997,0.0943440965372692
"6",10,100,2,0.1,10,0.0122521168626365,0.161416380817102,0.117106635082518
"7",11,100,2,0.1,10,0.0747283877967215,0.156228107103644,0.119247725238946
"8",12,100,2,0.1,10,0.0747283877967215,0.156228107103644,0.119247725238946
"9",13,100,2,0.1,10,-0.129238669686809,0.172590712902913,0.12450524770427
"10",14,100,2,0.1,10,0.017508324067731,0.160986326907488,0.116794285791315
"11",15,100,2,0.1,10,0.0256659429108781,0.16031659987111,0.118363778614134
"12",16,100,2,0.1,10,0.0256659429108781,0.16031659987111,0.118363778614134
"13",17,100,2,0.1,10,0.32077660513662,0.13385385081994,0.0969102792579296
"14",18,100,2,0.1,10,0.207136412500008,0.144618478593897,0.102178665934452
"15",19,100,2,0.1,10,0.365699862911145,0.12935164448895,0.0892163149430299
"16",20,100,2,0.1,10,0.408573481587751,0.124903597890778,0.0986637540297076
"17",21,100,2,0.1,10,0.408573481587751,0.124903597890778,0.0986637540297076
"18",22,100,2,0.1,10,0.362360179893782,0.129691725099023,0.103573622403292
"19",23,50,2,0.1,10,0.571812415422003,0.10627756296413,0.0851955016403766
"20",24,100,2,0.1,10,0.557781438643366,0.108004794637987,0.0849668420009763
"21",25,100,2,0.1,10,0.553574267008532,0.108517345563575,0.0904212852185962
"22",26,100,2,0.1,10,0.62735597400507,0.099145186355937,0.0811233639223157
"23",27,100,2,0.1,10,0.65570458038024,0.0952994017456408,0.0795288477168734
"24",28,100,2,0.1,10,0.730038096875554,0.084387047518352,0.0710046204923389
"25",29,100,2,0.1,10,0.800070686576593,0.072621094337972,0.0618751253878913
"26",30,100,2,0.1,10,0.580299746823608,0.105218999376609,0.0842391971305693
"27",31,100,2,0.1,10,0.597380400154214,0.103055697782885,0.0860347255532001
"28",32,100,2,0.1,10,0.545831334229109,0.109454377590664,0.0862337097410541
"29",33,100,2,0.1,10,0.68024716583192,0.0918399742057478,0.0732440390900957
"30",34,100,2,0.1,10,0.709992396868131,0.0874639816050021,0.0690114425859985
"31",35,100,2,0.1,10,0.709992396868131,0.0874639816050021,0.0690114425859985
"32",36,100,2,0.1,10,0.690793229161522,0.0903127464218965,0.0704225383017453
"33",37,100,2,0.1,10,0.738369755768845,0.0830746509289193,0.07301013792043
"34",38,100,2,0.1,10,0.738369755768845,0.0830746509289193,0.07301013792043
"35",39,100,2,0.1,10,0.738945690507944,0.082983163154718,0.0729251967240866
"36",40,100,2,0.1,10,0.765129832009733,0.0787115529568529,0.0578765409058784
"37",41,100,2,0.1,10,0.813489721061851,0.0701416434833461,0.0487391448677531
"38",42,100,2,0.1,10,0.804268264820479,0.0718546990680425,0.048603760415966
"39",43,100,2,0.1,10,0.804268264820479,0.0718546990680425,0.048603760415966
"40",44,100,2,0.1,10,0.649638071545726,0.0961353265490506,0.0707462235182891
"41",45,100,2,0.1,10,0.626151070840792,0.0993053444837864,0.0746649411992473
"42",46,100,2,0.1,10,0.481002264123616,0.117005771190079,0.0849908992769521
"43",47,100,2,0.1,10,0.481002264123616,0.117005771190079,0.0849908992769521
"44",48,100,2,0.1,10,0.481002264123616,0.117005771190079,0.0849908992769521
"45",49,100,2,0.1,10,0.470714350701733,0.118159763015384,0.08848881243501
"46",50,100,2,0.1,10,0.470714350701733,0.118159763015384,0.08848881243501
"47",51,100,2,0.1,10,0.470714350701733,0.118159763015384,0.08848881243501
"48",52,100,2,0.1,10,0.61413937737541,0.100888062599506,0.0715704059020083
"49",53,100,2,0.1,10,0.586106435821992,0.104488594756008,0.0723490845480074
"50",54,100,2,0.1,10,0.586106435821992,0.104488594756008,0.0723490845480074
"51",55,100,2,0.1,10,0.524595990817014,0.111983998856695,0.0882165709451987
"52",56,100,1,0.1,10,0.508736559291412,0.113836562924497,0.089774638197172
"53",57,100,1,0.1,10,0.591505927654914,0.103804798849764,0.0766208000504695
"54",58,100,1,0.1,10,0.569524696789813,0.106561094390191,0.0823193635521579
"55",59,100,1,0.1,10,0.569524696789813,0.106561094390191,0.0823193635521579
"56",60,100,2,0.1,10,0.569524696789813,0.106561094390191,0.0823193635521579
"57",61,100,2,0.1,10,0.629519947871333,0.0988568951735881,0.0760672671767143
"58",62,100,2,0.1,10,0.629519947871333,0.0988568951735881,0.0760672671767143
"59",63,100,1,0.1,10,0.598613559767573,0.102897755169821,0.0826488768668626
"60",64,100,2,0.1,10,0.594288171668513,0.103450688776028,0.0851196557341136
"61",65,100,2,0.1,10,0.605174474765977,0.102053325855557,0.0847796030178155
"62",66,100,2,0.1,10,0.605174474765977,0.102053325855557,0.0847796030178155
"63",67,100,2,0.1,10,0.68583035339807,0.0910346367348213,0.0774676791455101
"64",68,100,2,0.1,10,0.68583035339807,0.0910346367348213,0.0774676791455101
"65",69,100,2,0.1,10,0.68583035339807,0.0910346367348213,0.0774676791455101
"66",70,100,2,0.1,10,0.644354079582029,0.0968575473269878,0.079260217560922
"67",71,100,2,0.1,10,0.644354079582029,0.0968575473269878,0.079260217560922
"68",72,100,2,0.1,10,0.688266477450438,0.0906810009537258,0.0764337935154335
"69",73,100,2,0.1,10,0.715904669304444,0.0865678436610126,0.0760201677567333
"70",74,100,2,0.1,10,0.716281195670667,0.0865104582005104,0.0774405480944847
"71",75,100,2,0.1,10,0.716281195670667,0.0865104582005104,0.0774405480944847
"72",76,100,2,0.1,10,0.716281195670667,0.0865104582005104,0.0774405480944847
"73",77,100,2,0.1,10,0.716281195670667,0.0865104582005104,0.0774405480944847
"74",78,100,2,0.1,10,0.691068490484113,0.0902725384713421,0.0783408019514548
"75",79,100,2,0.1,10,0.703196020009201,0.0884829130143382,0.0774301738626843
"76",80,100,2,0.1,10,0.703196020009201,0.0884829130143382,0.0774301738626843
"77",81,100,2,0.1,10,0.63798877878483,0.0977204747102285,0.0890545658464533
"78",82,100,2,0.1,10,0.63798877878483,0.0977204747102285,0.0890545658464533
"79",83,100,2,0.1,10,0.700455362951095,0.0888904952877949,0.079058762620392
"80",84,100,2,0.1,10,0.700455362951095,0.0888904952877949,0.079058762620392
"81",85,100,2,0.1,10,0.722313574409956,0.0855858319998487,0.0713927264931021
"82",86,100,2,0.1,10,0.722313574409956,0.0855858319998487,0.0713927264931021
"83",87,100,2,0.1,10,0.722313574409956,0.0855858319998487,0.0713927264931021
"84",88,100,2,0.1,10,0.722313574409956,0.0855858319998487,0.0713927264931021
"85",89,100,2,0.1,10,0.722313574409956,0.0855858319998487,0.0713927264931021
"86",90,100,2,0.1,10,0.726966876624881,0.0848657044224617,0.0732681159443381
"87",91,100,2,0.1,10,0.726966876624881,0.0848657044224617,0.0732681159443381
"88",92,100,2,0.1,10,0.726966876624881,0.0848657044224617,0.0732681159443381
"89",93,100,2,0.1,10,0.730911927334555,0.0842503620453609,0.0720050928473946
"90",94,100,2,0.1,10,0.633636464614649,0.0983061464740771,0.0862480432082939
"91",95,100,2,0.1,10,0.633636464614649,0.0983061464740771,0.0862480432082939
"92",96,100,2,0.1,10,0.633636464614649,0.0983061464740771,0.0862480432082939
"93",97,100,2,0.1,10,0.633636464614649,0.0983061464740771,0.0862480432082939
"94",98,100,2,0.1,10,0.618126854814028,0.100365421046412,0.087460616566611
"95",99,100,2,0.1,10,0.618126854814028,0.100365421046412,0.087460616566611
"96",100,100,2,0.1,10,0.618126854814028,0.100365421046412,0.087460616566611
"97",101,100,2,0.1,10,0.618126854814028,0.100365421046412,0.087460616566611
"98",102,100,2,0.1,10,0.618126854814028,0.100365421046412,0.087460616566611
"99",103,100,2,0.1,10,0.618126854814028,0.100365421046412,0.087460616566611
"100",104,100,2,0.1,10,0.618126854814028,0.100365421046412,0.087460616566611
"101",105,100,2,0.1,10,0.603462829699468,0.102274297085794,0.0899691701050398
"102",106,100,2,0.1,10,0.616576145865718,0.100568996337556,0.0882824092169837
"103",107,100,2,0.1,10,0.64359931247542,0.0969602704865539,0.0845302154453218
"104",108,100,2,0.1,10,0.64359931247542,0.0969602704865539,0.0845302154453218
"105",109,100,2,0.1,10,0.64359931247542,0.0969602704865539,0.0845302154453218
"106",110,100,2,0.1,10,0.64359931247542,0.0969602704865539,0.0845302154453218
"107",111,100,2,0.1,10,0.661180595103541,0.0945384961207891,0.0809869749152458
"108",112,100,2,0.1,10,0.661180595103541,0.0945384961207891,0.0809869749152458
"109",113,100,2,0.1,10,0.708191964349626,0.0877350595763374,0.0771167258296942
