"","n","k","distance","kernel","R2","RMSE","MAE"
"1",2,23,2,"optimal",0.347187314491482,0.131225683745936,0.102194444444444
"2",3,15,2,"optimal",0.0081635054014203,0.161750113406664,0.10798079356694
"3",4,5,2,"optimal",0.185342994067885,0.146592567087374,0.106620693556362
"1",5,15,2,"optimal",0.368771169037529,0.129038101615268,0.0983451976228286
"2",6,15,2,"optimal",0.436294336052092,0.121941280448932,0.0873036189753228
"3",7,7,2,"optimal",0.207041128330013,0.144627168258761,0.091905585448839
"4",8,5,2,"optimal",-0.811096389221198,0.218572406616676,0.139598974333446
"5",9,5,2,"optimal",-0.853590156320523,0.221121722605911,0.144319719093967
"6",10,5,2,"optimal",-0.236782251695199,0.180622219219719,0.101716087178718
"7",11,23,2,"optimal",-0.530942801209371,0.200957414393875,0.125170024816112
"8",12,23,2,"optimal",-0.657896755239559,0.20912371846291,0.134824901395654
"9",13,5,2,"optimal",-0.35406917168984,0.188992677173323,0.12074794398832
"10",14,5,2,"optimal",-0.276679258322647,0.183512416092959,0.117328297072039
"11",15,5,2,"optimal",-0.209467294798732,0.178616516962591,0.114155046064957
"12",16,5,2,"optimal",-0.20089099386109,0.177982107793239,0.111625156438263
"13",17,5,2,"optimal",-0.279376344593286,0.183706156096879,0.110064765314034
"14",18,5,2,"optimal",0.143179550934806,0.150338240539237,0.0872543441279691
"15",19,5,2,"optimal",-0.0543939835105878,0.166773103759293,0.0988489588333153
"16",20,5,2,"optimal",-0.0458048872612831,0.166092447690517,0.0971305600580371
"17",21,5,2,"optimal",-0.0546606558866654,0.166794192161195,0.0985069764352858
"18",22,23,2,"optimal",-0.076824710697053,0.168537698223637,0.104626007058219
"19",23,23,2,"optimal",-0.107490027692435,0.170920621747193,0.109715709963213
"20",24,23,2,"optimal",-0.115966801607369,0.171573491566154,0.111476980508154
"21",25,23,2,"optimal",-0.27058382168708,0.183073806844134,0.121503867057084
"22",26,23,2,"optimal",-0.496545847981472,0.198687051522039,0.130500788210265
"23",27,23,2,"optimal",-0.702068231759589,0.211891255729395,0.138289907240154
"24",28,5,2,"optimal",-0.509550222156978,0.199548439088947,0.131147224872045
"25",29,23,2,"optimal",-0.510428574774199,0.199606485652153,0.131197206776728
"26",30,23,2,"optimal",-0.0728284675716946,0.168224674361771,0.10159659649738
"27",31,5,2,"optimal",-0.00326112749377727,0.162679018859973,0.100522158799666
"28",32,23,2,"optimal",-0.0204251071474244,0.164064689009947,0.10592969708758
"29",33,5,2,"optimal",-0.272665973010298,0.18322375024973,0.119192962030683
"30",34,5,2,"optimal",-0.235842336683518,0.180553572615931,0.113876779526369
"31",35,5,2,"optimal",-0.564507559217774,0.203148389966022,0.132234281991697
"32",36,5,2,"optimal",-0.272478736673206,0.183210271691146,0.115593114070164
"33",37,5,2,"optimal",-0.63647767211316,0.207768447148742,0.134304784656765
"34",38,5,2,"optimal",-0.686626679566031,0.210927902850297,0.136622422691137
"35",39,5,2,"optimal",-0.65026057828103,0.208641556719043,0.136914790092553
"36",40,5,2,"optimal",-0.349790697700624,0.188693859351364,0.123330426800215
"37",41,23,2,"optimal",0.0482902503543575,0.158444369619368,0.109610015670936
"38",42,23,2,"optimal",-0.00647737228092726,0.162939567620922,0.109738764861043
"39",43,23,2,"optimal",-0.10934756460125,0.171063899943349,0.112641374537515
"40",44,23,2,"optimal",-0.0683819833264712,0.167875697310497,0.10971374227627
"41",45,23,2,"optimal",0.0461231185033165,0.15862466334395,0.108465119959054
"42",46,23,2,"optimal",0.247610610564008,0.140878877610793,0.105955338031897
"43",47,23,2,"optimal",0.248371271374083,0.140807645785125,0.105892462276063
"44",48,23,2,"optimal",0.258658824620115,0.139840707622493,0.102372989257953
"45",49,23,2,"optimal",0.252621332959396,0.140408985176182,0.102799673023089
"46",50,23,2,"optimal",0.225687963986113,0.142916560860467,0.103208679120304
"47",51,5,2,"optimal",0.00980448823919522,0.161616251101792,0.114431545721758
"48",52,23,2,"optimal",-0.000689427820021571,0.162470384231759,0.118449251045457
"49",53,23,2,"optimal",-0.0265560436545498,0.164556819120401,0.111046615791841
"50",54,23,2,"optimal",0.0375715256128307,0.159334119066107,0.108406811410452
"51",55,5,2,"optimal",0.561386504045499,0.107563654011887,0.0766974332730369
"52",56,5,2,"optimal",0.537474697789879,0.11045675988527,0.0821556257174888
"53",57,5,2,"optimal",0.537863668709325,0.110410304584309,0.0821162092564791
"54",58,5,2,"optimal",0.524410919791098,0.112005793978873,0.0837108381108728
"55",59,5,2,"optimal",0.496543569696964,0.115240596577395,0.0905402767581955
"56",60,5,2,"optimal",0.496552790269961,0.115239541283297,0.0905465218150768
"57",61,5,2,"optimal",0.496331516531453,0.11526486338498,0.0906373609983441
"58",62,5,2,"optimal",0.497450855142912,0.115136711456716,0.0905974703058699
"59",63,5,2,"optimal",0.517699780635527,0.112793294412923,0.0879080521099896
"60",64,5,2,"optimal",0.503823644102142,0.114404362222966,0.0886151083679394
"61",65,5,2,"optimal",0.341642174620842,0.131781835669478,0.0951719499324786
"62",66,5,2,"optimal",0.344170688814174,0.131528529046674,0.0967654964847446
"63",67,5,2,"optimal",0.322499232657801,0.133684004851349,0.096540918652633
"64",68,5,2,"optimal",0.303291216894092,0.135565816632004,0.0995042052867341
"65",69,23,2,"optimal",0.320127450406139,0.133917799669257,0.0988848795606061
"66",70,23,2,"optimal",0.215424652804028,0.143860604418133,0.109456438821353
"67",71,23,2,"optimal",0.225179156294134,0.142963509054641,0.10836524155795
"68",72,7,2,"optimal",0.492111292434755,0.115746756577051,0.0921674896967842
"69",73,23,2,"optimal",0.477362750191412,0.117415310716549,0.0991776805819885
"70",74,23,2,"optimal",0.475821980805569,0.117588257419838,0.0994055127776966
"71",75,23,2,"optimal",0.21362540352985,0.144025466123442,0.109704644271866
"72",76,23,2,"optimal",-0.33697008853422,0.187795593374323,0.135420124490141
"73",77,23,2,"optimal",-0.622899113400675,0.206904679594463,0.149700437960655
"74",78,23,2,"optimal",-0.621152361578424,0.20679330223785,0.148715519927947
"75",79,23,2,"optimal",-0.622965658355371,0.206908921485188,0.149614879982895
"76",80,23,2,"optimal",0.281520079762444,0.137667640597249,0.111629139238705
"77",81,23,2,"optimal",0.268160706917288,0.138941637671851,0.112904027389559
"78",82,23,2,"optimal",0.274340813628012,0.138353739040874,0.111843990701974
"79",83,5,2,"optimal",-0.356084526008452,0.189133270281969,0.138438710513131
"80",84,5,2,"optimal",-0.33042502297811,0.187335357777341,0.137187780986402
"81",85,5,2,"optimal",-0.296664591325059,0.18494320415254,0.131964160910837
"82",86,5,2,"optimal",-0.290553321979498,0.184506864403875,0.130093923933965
"83",87,5,2,"optimal",-0.316389872749324,0.186344602576146,0.131350445478271
"84",88,5,2,"optimal",-0.316478648121894,0.186350885871455,0.131353356235839
"85",89,5,2,"optimal",-0.32132820565142,0.186693803930522,0.128660828114643
"86",90,23,2,"optimal",0.0260997218542919,0.160280908977089,0.119574113570695
"87",91,23,2,"optimal",0.0542606741033254,0.157946597940888,0.120370143104683
"88",92,23,2,"optimal",-0.290089687478489,0.184473719151027,0.132466711366769
"89",93,23,2,"optimal",-0.286976357772963,0.184250992609102,0.132093147479063
"90",94,7,2,"optimal",0.570225758759387,0.106474287584981,0.0824298759776518
"91",95,7,2,"optimal",0.569813566705544,0.106525334545241,0.0824874968026766
"92",96,7,2,"optimal",0.569438638627373,0.106571745400391,0.0828332587406748
"93",97,7,2,"optimal",0.571309977143044,0.106339898097799,0.0817069017506868
"94",98,7,2,"optimal",0.571746214188053,0.106285778328306,0.0812431891058835
"95",99,5,2,"optimal",0.563906893700161,0.107254164104742,0.0875023817751974
"96",100,5,2,"optimal",0.568273181288205,0.106715883840485,0.0811088473531491
"97",101,5,2,"optimal",0.445325088320145,0.120960566810742,0.0886899283078813
"98",102,5,2,"optimal",0.432178690593648,0.12238562081866,0.0917675732703341
"99",103,5,2,"optimal",0.426632549689358,0.122981863405559,0.092369170631801
"100",104,5,2,"optimal",0.404172625064756,0.125367445912323,0.0944840892938734
"101",105,7,2,"optimal",0.404157470708847,0.12536904020867,0.0944870624826873
"102",106,23,2,"optimal",0.404142595832951,0.125370605082931,0.0944899800657823
"103",107,23,2,"optimal",0.401543467490956,0.125643740668447,0.0947981247062524
"104",108,23,2,"optimal",0.406753702335307,0.12509561024824,0.0897175990446843
"105",109,23,2,"optimal",0.406757807135933,0.125095177465575,0.0899238137001615
"106",110,5,2,"optimal",0.406752317827637,0.125095756221111,0.0899250413872085
"107",111,23,2,"optimal",0.420394849744215,0.123649017459549,0.0881316535907308
"108",112,7,2,"optimal",0.392989503057909,0.126538491394291,0.0934904624645396
"109",113,7,2,"optimal",0.384689828888457,0.127400636808205,0.0930904024539798
