"","n","mtry","minnodesize","R2","RMSE","MAE"
"1",2,2,7,0.468709186645521,0.174163847303449,0.0886376065931341
"2",3,3,5,0.73988151967321,0.121864570038829,0.0775717379017016
"3",4,4,6,0.771727665378584,0.114161192528127,0.0757870319517798
"4",5,5,2,0.823981393893763,0.100246944716342,0.0678404913092505
"5",6,5,2,0.835590028899553,0.0968848637861633,0.0661359038006137
"6",7,6,2,0.850380894706331,0.0924241325545224,0.0603777393701516
"7",8,8,2,0.831464309681043,0.0980929507085148,0.0636226798805095
"8",9,5,3,0.783348411245167,0.111217414727277,0.0659530195311539
"9",10,5,2,0.82236244218729,0.100706905996761,0.060538059783613
"10",11,8,7,0.770731410217067,0.11441003971059,0.0655393964171875
"11",12,7,3,0.833948835369647,0.0973672310187069,0.055490381551116
"12",13,6,2,0.823206933244675,0.100467239900587,0.0568484068038534
"13",14,5,4,0.812070902946322,0.103583091834662,0.0603611608588842
"14",15,5,2,0.828522381060656,0.0989453932115788,0.0561989693812574
"15",16,8,2,0.832501151840379,0.0977907482002859,0.0539960545140609
"16",17,6,2,0.832725214010704,0.0977253192733204,0.0551600924671249
"17",18,10,3,0.843370235751197,0.0945646900945851,0.0566292436163402
"18",19,10,7,0.84691578614467,0.093488256526311,0.0559301745140386
"19",20,9,8,0.853122018846312,0.0915735822821081,0.055552354312659
"20",21,6,3,0.864835898057156,0.0878461106636712,0.0534799426576323
"21",22,10,7,0.868962467333005,0.0864947424903714,0.0532314641262089
"22",23,3,2,0.858779387964184,0.0897926732282595,0.0562470397312296
"23",24,9,4,0.868372681721841,0.086689175646118,0.0537296091666667
"24",25,6,3,0.864088805816327,0.0880885519203672,0.0542150446047431
"25",26,8,2,0.885875869173605,0.0807198967998577,0.0526724866153775
"26",27,7,2,0.886267697541114,0.0805812077264859,0.0522724904227055
"27",28,9,4,0.882276045122148,0.0819830890839594,0.0522340257608697
"28",29,7,3,0.883010642597707,0.0817269015690874,0.0523835292095647
"29",30,10,3,0.880404351062268,0.0826322439101145,0.0530210536956522
"30",31,6,2,0.883525744244567,0.0815467821821648,0.0530247658155312
"31",32,8,2,0.883928973575429,0.0814055039114158,0.0521579492913609
"32",33,8,2,0.876080175073848,0.0841128313396702,0.0532432910879701
"33",34,7,3,0.88114942871966,0.0823744434382678,0.0522782137577642
"34",35,10,4,0.88318581226729,0.081665693278059,0.052581538742236
"35",36,10,4,0.882177763209373,0.0820173037594161,0.0522061516045549
"36",37,9,4,0.880054685351891,0.0827529530412758,0.0526241029347826
"37",38,8,3,0.884794236684771,0.0811015135727592,0.0504928418294749
"38",39,9,2,0.887692092343446,0.0800750142505383,0.050355501594203
"39",40,8,2,0.882211383199317,0.082005601309459,0.0507485336151892
"40",41,8,2,0.883306026615346,0.0816236610756623,0.0506120729347829
"41",42,7,4,0.874440463451035,0.0846674945576846,0.052579450615942
"42",43,8,2,0.885655392934996,0.0807978305023056,0.0517285571135266
"43",44,6,3,0.879540564036333,0.0829301152941742,0.052489646047805
"44",45,9,2,0.881002826853954,0.0824252321103573,0.0515815172282609
"45",46,8,3,0.889223574711328,0.0795271702844765,0.0514748314026916
"46",47,9,3,0.891311634971954,0.078774088099671,0.0502822705072464
"47",48,9,5,0.889387367568353,0.0794683545166756,0.051436934689441
"48",49,8,2,0.882370343982829,0.081950247591879,0.0521446489734299
"49",50,6,3,0.893543618642897,0.0779610547843212,0.0508704255493601
"50",51,10,4,0.881106497637538,0.0823893197012076,0.0520831594306419
"51",52,9,3,0.882758777194929,0.0818148288492764,0.05201672942029
"52",53,10,4,0.881184499700838,0.0823622888239604,0.0530199629140788
"53",54,10,4,0.883474199891233,0.081564823985487,0.0526022860248448
"54",55,10,3,0.881920949084192,0.0821066406174185,0.05191726563147
"55",56,10,4,0.880764861456309,0.0825076061551589,0.0526765833695653
"56",57,8,3,0.876560759986202,0.0839495700282838,0.0533613333333334
"57",58,10,2,0.883581565628649,0.0815272388085936,0.0518889508333335
"58",59,9,3,0.881099591426333,0.0823917125560268,0.0517974972981366
"59",60,6,5,0.866144544118309,0.0874198174506123,0.0562493826150894
"60",61,9,6,0.870342834534723,0.0860379626662358,0.0554119386456177
"61",62,7,2,0.870797845429773,0.0858868618121472,0.0545055154977572
"62",63,8,2,0.877931524579241,0.0834821483433657,0.0536823914251209
"63",64,9,4,0.872064784466488,0.0854647268766752,0.0541091828959627
"64",65,7,2,0.867952593728844,0.0868273995054345,0.0553553260671937
"65",66,10,5,0.872414892444594,0.08534770521949,0.0539138759886129
"66",67,6,4,0.861292238532632,0.0889902113015674,0.0548403315352102
"67",68,9,3,0.877705271922274,0.0835594791763412,0.051897497846791
"68",69,9,4,0.870449050197911,0.0860027141260249,0.0526495451397517
"69",70,8,3,0.869763194033338,0.0862300672596251,0.0526692880408904
"70",71,7,2,0.873017121510497,0.0851460372240234,0.0525809166527073
"71",72,9,3,0.864621051241797,0.0879158997675827,0.0527755455590062
"72",73,7,3,0.865050831161825,0.0877762380089228,0.0545809705253624
"73",74,10,4,0.866536712949158,0.0872916625129014,0.0533557806884058
"74",75,8,3,0.878511557519928,0.0832835710485565,0.0531164129296066
"75",76,9,4,0.875120113490174,0.0844380323025767,0.0532721168530021
"76",77,6,5,0.860489376603997,0.0892473842373075,0.0559097018702554
"77",78,6,2,0.860115949202208,0.0893667484332541,0.0543396855001884
"78",79,8,2,0.86713174582037,0.0870968545134372,0.0530292285919758
"79",80,9,3,0.871111602673937,0.0857825136876822,0.0536393671014494
"80",81,10,2,0.860064583102296,0.0893831548783554,0.0537212154917186
"81",82,9,6,0.853525736507418,0.091447643351215,0.0563109395419255
"82",83,10,2,0.870349669062376,0.0860356950068194,0.0527935714596275
"83",84,10,2,0.869585538575193,0.0862888602456919,0.0523492794565218
"84",85,8,3,0.863531344296955,0.0882690217016963,0.0543372322463768
"85",86,8,2,0.865139791932483,0.0877473014501892,0.0532054232349899
"86",87,8,2,0.864742907869004,0.087876323648212,0.0526753886853003
"87",88,8,2,0.866145279212151,0.0874195774086308,0.0540299055564185
"88",89,8,3,0.861626662189029,0.0888828691051082,0.0535815440717735
"89",90,9,3,0.865367248023994,0.0876732726420655,0.0546002678002071
"90",91,10,2,0.871283039904176,0.0857254441204955,0.0528589389130436
"91",92,10,2,0.868611976771861,0.0866103404635006,0.0521673638768116
"92",93,8,3,0.853634402351706,0.0914137156192341,0.0547886921402693
"93",94,8,2,0.859545646435764,0.0895487358092348,0.0549062424879228
"94",95,9,6,0.853548000865243,0.0914406929819798,0.0555680782246377
"95",96,9,3,0.858970830596305,0.0897317898512739,0.0538946161231886
"96",97,9,3,0.861528395509232,0.0889144238629122,0.0530842773652918
"97",98,9,6,0.858728635866917,0.0898088066986251,0.0557033991200829
"98",99,7,4,0.858236818665319,0.089964999499898,0.0552404353571428
"99",100,10,5,0.864915212777131,0.0878203326945053,0.0529506448964804
"100",101,9,3,0.868081829499466,0.0867848997959864,0.053567660652174
"101",102,8,2,0.868141981409387,0.0867651114958793,0.0534422698677772
"102",103,9,8,0.84664665613271,0.0935703990487453,0.0567708306754659
"103",104,8,4,0.855932169881268,0.0906933333011899,0.0548618255201863
"104",105,10,2,0.871734952322626,0.0855748250568405,0.0515285477898552
"105",106,9,5,0.856112585894312,0.0906365279217526,0.0554989081884058
"106",107,8,5,0.855151818700271,0.090938624260307,0.0557343983086479
"107",108,10,5,0.86199830557895,0.0887634279577665,0.0545549971618357
"108",109,9,3,0.862029366374755,0.0887534381606247,0.0535645930797103
"109",110,8,3,0.862039186598913,0.0887502795385902,0.0540442396704624
"110",111,9,6,0.851704329471261,0.092014462285583,0.056467058442029
"111",112,8,3,0.8703925503443,0.0860214658645811,0.0537716187836438
"112",113,10,4,0.865169994873944,0.087737475071274,0.0540505501397516
"113",114,9,3,0.860824530774361,0.089140117785116,0.0544695134764029
"114",115,8,2,0.863305095271032,0.0883421612428889,0.0544269399637682
"115",116,9,4,0.865379868843768,0.0876691631869378,0.0553870852320566
"116",117,10,2,0.860035901881151,0.0893923144133109,0.0536879460300209
"117",118,9,6,0.859773696271293,0.0894760080151001,0.0550953832971015
"118",119,8,2,0.864252837439904,0.0880353787044376,0.0551889229971297
"119",120,8,2,0.86926302357201,0.0863954905511578,0.0554130045546302
