"","n","n.trees","interaction.depth","shrinkage","n.minobsinnode","R2","RMSE","MAE"
"1",2,100,2,0.1,10,0.614252002599848,0.148403347237569,0.095234409507491
"2",3,100,2,0.1,10,0.728943671888598,0.124400358500919,0.0904287638036428
"3",4,100,2,0.1,10,0.739656041692172,0.121917376408316,0.0879037829054049
"4",5,100,2,0.1,10,0.750066737776401,0.119454876990214,0.0874234055899356
"5",6,100,2,0.1,10,0.75659420966664,0.117884663784335,0.0850333837177818
"6",7,100,2,0.1,10,0.737059616699877,0.122523812592391,0.0856712419916665
"7",8,100,2,0.1,10,0.776522173883484,0.112955940393716,0.0806752238932755
"8",9,100,2,0.1,10,0.750595453158528,0.119328461108078,0.080408946506707
"9",10,100,2,0.1,10,0.783530077059823,0.111170776159862,0.0747524791197193
"10",11,100,2,0.1,10,0.804712151794309,0.105591623317885,0.0699400025513039
"11",12,100,2,0.1,10,0.802199882727781,0.106268641532352,0.0692625497428723
"12",13,100,2,0.1,10,0.793974479280757,0.108455696255297,0.0679280580395867
"13",14,100,2,0.1,10,0.793974479280757,0.108455696255297,0.0679280580395867
"14",15,100,2,0.1,10,0.791014067774583,0.109232125104171,0.0677087938056839
"15",16,100,2,0.1,10,0.797765424697997,0.107453251139198,0.0667061349214808
"16",17,100,2,0.1,10,0.800908214418084,0.106615053046501,0.0673091859374628
"17",18,100,2,0.1,10,0.791222226830133,0.109177711583367,0.0680306212523782
"18",19,100,2,0.1,10,0.800296624600614,0.106778682806169,0.0676100621102171
"19",20,100,2,0.1,10,0.837566481650659,0.0963007528181389,0.0620287073999503
"20",21,100,2,0.1,10,0.82797752537356,0.0991024638662032,0.0632862229406187
"21",22,100,2,0.1,10,0.789173506070669,0.109712080235366,0.0691873570944182
"22",23,100,2,0.1,10,0.790392916050293,0.109394335500056,0.0697517497739058
"23",24,100,2,0.1,10,0.785367519510141,0.110697950139475,0.0710690273976996
"24",25,100,2,0.1,10,0.771200844637146,0.114292850672458,0.0725640515397361
"25",26,100,2,0.1,10,0.793487411937045,0.108583821264682,0.0695809856595627
"26",27,100,2,0.1,10,0.783448774942299,0.111191651048343,0.0696236492027558
"27",28,100,2,0.1,10,0.777422051984837,0.112728291166624,0.0704175273723406
"28",29,100,2,0.1,10,0.800267554789048,0.106786454140105,0.0684227838660371
"29",30,100,2,0.1,10,0.807643723556084,0.104796079893764,0.0690030197097703
"30",31,100,2,0.1,10,0.803725960220433,0.105857903155638,0.0691380789729619
"31",32,100,2,0.1,10,0.803725960220433,0.105857903155638,0.0691380789729619
"32",33,100,2,0.1,10,0.794036561569432,0.108439354383842,0.0683168476532477
"33",34,100,2,0.1,10,0.769699710783021,0.114667171053974,0.070932814290075
"34",35,100,2,0.1,10,0.784794343167532,0.110845661105819,0.0686721891934136
"35",36,100,2,0.1,10,0.783044202887348,0.111295469540978,0.0692175436345703
"36",37,100,2,0.1,10,0.788387958284316,0.109916285949888,0.0687111008617853
"37",38,100,2,0.1,10,0.796780841382236,0.107714502763211,0.0683997693349166
"38",39,100,2,0.1,10,0.796780841382236,0.107714502763211,0.0683997693349166
"39",40,100,2,0.1,10,0.796780841382236,0.107714502763211,0.0683997693349166
"40",41,100,2,0.1,10,0.79767464155057,0.107477366327765,0.06797219653181
"41",42,100,2,0.1,10,0.79767464155057,0.107477366327765,0.06797219653181
"42",43,100,2,0.1,10,0.79767464155057,0.107477366327765,0.06797219653181
"43",44,100,2,0.1,10,0.790589183207109,0.109343107404208,0.0684555331194768
"44",45,100,2,0.1,10,0.790589183207109,0.109343107404208,0.0684555331194768
"45",46,100,2,0.1,10,0.781906358073004,0.111586937592776,0.0688701024624093
"46",47,100,2,0.1,10,0.783375822593438,0.111210378739813,0.0691198814557233
"47",48,100,2,0.1,10,0.786811635790821,0.110324915921481,0.0687743453251117
"48",49,100,2,0.1,10,0.797250818885626,0.10758987697487,0.0674989445823544
"49",50,100,2,0.1,10,0.786792543648793,0.110329855899832,0.0692628440716168
"50",51,100,2,0.1,10,0.786792543648793,0.110329855899832,0.0692628440716168
"51",52,100,2,0.1,10,0.809391400426636,0.104318924699503,0.0662607929728613
"52",53,100,2,0.1,10,0.834201025703476,0.0972932646454644,0.065239121673714
"53",54,100,2,0.1,10,0.785442441565033,0.110678627710318,0.0690398498992031
"54",55,100,2,0.1,10,0.785442441565033,0.110678627710318,0.0690398498992031
"55",56,100,2,0.1,10,0.785442441565033,0.110678627710318,0.0690398498992031
"56",57,100,2,0.1,10,0.785442441565033,0.110678627710318,0.0690398498992031
"57",58,100,2,0.1,10,0.78579361549163,0.110588014810156,0.0690037198719508
"58",59,100,2,0.1,10,0.82785717996168,0.0991371234118939,0.0640423624851421
"59",60,100,2,0.1,10,0.800774350306147,0.106650889610882,0.068423244065682
"60",61,100,2,0.1,10,0.804313491499456,0.105699345653685,0.0673313979911615
"61",62,100,2,0.1,10,0.805129402397849,0.105478759850627,0.0678167663239901
"62",63,100,2,0.1,10,0.805129402397849,0.105478759850627,0.0678167663239901
"63",64,100,2,0.1,10,0.799675040449749,0.106944730001645,0.0664686453108346
"64",65,100,2,0.1,10,0.799675040449749,0.106944730001645,0.0664686453108346
"65",66,100,2,0.1,10,0.799687625444567,0.106941370659866,0.0660021702142236
"66",67,100,2,0.1,10,0.806886931870798,0.105002028329258,0.0638827406285907
"67",68,100,2,0.1,10,0.79978509850681,0.106915348375192,0.0661911823131934
"68",69,100,2,0.1,10,0.810419740150093,0.104037142097665,0.0633308095863171
"69",70,100,2,0.1,10,0.808692502687852,0.104510000942825,0.0651099697610915
"70",71,100,2,0.1,10,0.802770364061707,0.106115284566639,0.0654152556192688
"71",72,100,2,0.1,10,0.801527126512928,0.106449208164254,0.0657250930229788
"72",73,100,2,0.1,10,0.801527126512928,0.106449208164254,0.0657250930229788
"73",74,100,2,0.1,10,0.803281130952747,0.105977791765722,0.0660796362834499
"74",75,100,2,0.1,10,0.803281130952747,0.105977791765722,0.0660796362834499
"75",76,100,2,0.1,10,0.813453068964585,0.103201476516933,0.0649934422028702
"76",77,100,2,0.1,10,0.813453068964585,0.103201476516933,0.0649934422028702
"77",78,100,2,0.1,10,0.813453068964585,0.103201476516933,0.0649934422028702
"78",79,100,2,0.1,10,0.813453068964585,0.103201476516933,0.0649934422028702
"79",80,100,2,0.1,10,0.806876990097222,0.10500473113173,0.0648775431830206
"80",81,100,2,0.1,10,0.806876990097222,0.10500473113173,0.0648775431830206
"81",82,100,2,0.1,10,0.806876990097222,0.10500473113173,0.0648775431830206
"82",83,100,2,0.1,10,0.801547161965755,0.106443835107779,0.0655254727555681
"83",84,100,2,0.1,10,0.801547161965755,0.106443835107779,0.0655254727555681
"84",85,100,2,0.1,10,0.801547161965755,0.106443835107779,0.0655254727555681
"85",86,100,2,0.1,10,0.796965570458788,0.107665534632674,0.0671169389343108
"86",87,100,2,0.1,10,0.796965570458788,0.107665534632674,0.0671169389343108
"87",88,100,2,0.1,10,0.794766736101204,0.108246965976616,0.06752744978289
"88",89,100,2,0.1,10,0.794766736101204,0.108246965976616,0.06752744978289
"89",90,100,2,0.1,10,0.796090062626784,0.107897418014117,0.066599125194621
"90",91,100,2,0.1,10,0.796090062626784,0.107897418014117,0.066599125194621
"91",92,100,2,0.1,10,0.796090062626784,0.107897418014117,0.066599125194621
"92",93,100,2,0.1,10,0.796090062626784,0.107897418014117,0.066599125194621
"93",94,100,2,0.1,10,0.796090062626784,0.107897418014117,0.066599125194621
"94",95,100,2,0.1,10,0.796090062626784,0.107897418014117,0.066599125194621
"95",96,100,2,0.1,10,0.802645540416445,0.106148858632441,0.0658280509331674
"96",97,100,2,0.1,10,0.802645540416445,0.106148858632441,0.0658280509331674
"97",98,100,2,0.1,10,0.806694996013993,0.105054196339576,0.0654191178344525
"98",99,100,2,0.1,10,0.806694996013993,0.105054196339576,0.0654191178344525
"99",100,100,2,0.1,10,0.806694996013993,0.105054196339576,0.0654191178344525
"100",101,100,2,0.1,10,0.806694996013993,0.105054196339576,0.0654191178344525
"101",102,100,2,0.1,10,0.806694996013993,0.105054196339576,0.0654191178344525
"102",103,100,2,0.1,10,0.806694996013993,0.105054196339576,0.0654191178344525
"103",104,100,2,0.1,10,0.806694996013993,0.105054196339576,0.0654191178344525
"104",105,100,2,0.1,10,0.806694996013993,0.105054196339576,0.0654191178344525
"105",106,100,2,0.1,10,0.806694996013993,0.105054196339576,0.0654191178344525
"106",107,100,2,0.1,10,0.806694996013993,0.105054196339576,0.0654191178344525
"107",108,100,2,0.1,10,0.806694996013993,0.105054196339576,0.0654191178344525
"108",109,100,2,0.1,10,0.803024755652564,0.106046827445085,0.0663299410218882
"109",110,100,2,0.1,10,0.809741553452332,0.104223062345537,0.0658980787584206
"110",111,100,2,0.1,10,0.809741553452332,0.104223062345537,0.0658980787584206
"111",112,100,2,0.1,10,0.805698310980436,0.105324679056816,0.0655439828756814
"112",113,100,2,0.1,10,0.805698310980436,0.105324679056816,0.0655439828756814
"113",114,100,2,0.1,10,0.805698310980436,0.105324679056816,0.0655439828756814
"114",115,100,2,0.1,10,0.806192691071992,0.105190599963462,0.0653282913247289
"115",116,100,2,0.1,10,0.808675251718535,0.104514712880943,0.0655742609902954
"116",117,100,2,0.1,10,0.808675251718535,0.104514712880943,0.0655742609902954
"117",118,100,2,0.1,10,0.808675251718535,0.104514712880943,0.0655742609902954
"118",119,100,2,0.1,10,0.808675251718535,0.104514712880943,0.0655742609902954
"119",120,100,2,0.1,10,0.810841229253895,0.103921426142068,0.0654390046678642
