"","n","lm_intercept","k","R2","RMSE","MAE"
"1",10,TRUE,5,0.708344758717457,0.129040711575885,0.0762900621118012
"2",11,TRUE,5,0.722727381874297,0.125818744767155,0.069570652173913
"3",12,TRUE,5,0.740973325875266,0.121608547468471,0.0672652173913044
"4",13,TRUE,5,0.731220346874095,0.123876820818489,0.0708382637299771
"5",14,TRUE,5,0.717590563367669,0.126978870238847,0.0719332298136646
"6",15,TRUE,5,0.754295519101398,0.118439998955414,0.0701503105590062
"7",16,TRUE,5,0.735974351289881,0.12277640584152,0.0727640269151139
"8",17,TRUE,5,0.735954543918544,0.122781011137,0.0723310276679842
"9",18,TRUE,5,0.68085355587217,0.134985419792368,0.0787847826086956
"10",19,TRUE,5,0.750790927791876,0.119281689187244,0.0668747101449275
"11",20,TRUE,5,0.82819816897378,0.0990388868811506,0.0616764302059497
"12",21,TRUE,5,0.767741779847559,0.115153569145539,0.0668295652173913
"13",22,TRUE,5,0.733056288778973,0.123453015759033,0.071599347826087
"14",23,TRUE,5,0.733683309521125,0.12330794189663,0.0701884782608696
"15",24,TRUE,5,0.759001633783414,0.117300241354138,0.0636854347826087
"16",25,TRUE,5,0.867494120683825,0.0869780027225775,0.0555535869565217
"17",26,TRUE,5,0.845579850284989,0.0938952972383509,0.0602578260869565
"18",27,TRUE,5,0.844407186317528,0.0942511425833176,0.0620373913043478
"19",28,TRUE,5,0.819109215687069,0.101624887400333,0.0656552173913044
"20",29,TRUE,5,0.820093738629849,0.101347956372438,0.0658182608695652
"21",30,TRUE,5,0.825760162483915,0.0997391321964671,0.0661428260869565
"22",31,TRUE,5,0.767710816620885,0.115161244669867,0.0689171739130435
"23",32,TRUE,5,0.784957867636672,0.110803539948945,0.0659728260869565
"24",33,TRUE,5,0.767461283434067,0.115223083190826,0.0716628260869565
"25",34,TRUE,5,0.791595024831199,0.109080193017319,0.0684784782608696
"26",35,TRUE,5,0.773078805706152,0.113822831953493,0.0743771739130435
"27",36,TRUE,5,0.753215581015051,0.118700001593348,0.0747080434782609
"28",37,TRUE,5,0.724367392634625,0.125446096859931,0.0768678260869565
"29",38,TRUE,5,0.736583837076731,0.122634613349186,0.0739730434782609
"30",39,TRUE,5,0.734208184231689,0.123186370205262,0.0725576086956522
"31",40,TRUE,5,0.740264522328666,0.12177481930757,0.0704934782608696
"32",41,TRUE,5,0.81855683069056,0.101779934748413,0.0666389130434783
"33",42,TRUE,5,0.797030198142604,0.107648397815174,0.0692484782608696
"34",43,TRUE,5,0.78520653633178,0.110739456363358,0.0701576086956522
"35",44,TRUE,5,0.784183422271891,0.111002882669188,0.0727667391304348
"36",45,TRUE,5,0.778194197197761,0.112532588420074,0.0742858695652174
"37",46,TRUE,5,0.781748344531658,0.111627353843433,0.0734932608695652
"38",47,TRUE,5,0.757499625432369,0.11766520705873,0.070160652173913
"39",48,TRUE,5,0.781014169977215,0.111814947282864,0.0701614130434783
"40",49,TRUE,7,0.764300369681263,0.116003557280362,0.0685837528604119
"41",50,TRUE,7,0.76448988244265,0.115956911947756,0.0682023455377574
"42",51,TRUE,7,0.749778594252232,0.119523715835536,0.0679523657289003
"43",52,TRUE,7,0.760253679888998,0.116995142692696,0.0707177018633541
"44",53,TRUE,5,0.747400603261789,0.120090322475102,0.0746754347826087
"45",54,TRUE,5,0.765120212694363,0.115801631737396,0.0669726086956522
"46",55,TRUE,5,0.794959822359853,0.108196033882144,0.0649917391304348
"47",56,TRUE,5,0.79666560858732,0.107745037492906,0.0633652173913044
"48",57,TRUE,5,0.78876804852278,0.109817527665709,0.066614347826087
"49",58,TRUE,5,0.782753072074355,0.111370117645389,0.0678452173913043
"50",59,TRUE,5,0.844614646889038,0.0941882864728712,0.063560652173913
"51",60,TRUE,5,0.849154910139429,0.0928020234271533,0.0615763043478261
"52",61,TRUE,5,0.831508992304485,0.0980799465165824,0.0639754347826087
"53",62,TRUE,5,0.832581180890389,0.0977673837539236,0.0638397826086956
"54",63,TRUE,5,0.798632769146832,0.107222580583367,0.0656806521739131
"55",64,TRUE,5,0.801238332541923,0.10652662608577,0.0668580434782609
"56",65,TRUE,5,0.829783769025722,0.0985808007368222,0.0629302173913044
"57",66,TRUE,5,0.834912781897118,0.0970842055617968,0.0618576086956522
"58",67,TRUE,5,0.758022993222393,0.117538165106155,0.0667628260869565
"59",68,TRUE,5,0.757744461258175,0.117605792854959,0.0671165217391304
"60",69,TRUE,5,0.570549600136668,0.156584353027509,0.0674163043478261
"61",70,TRUE,5,0.581391456381185,0.15459516261626,0.0684330434782609
"62",71,TRUE,5,0.813605864044982,0.103159203218596,0.0636817391304348
"63",72,TRUE,5,0.814763439083347,0.102838376337951,0.0628019565217391
"64",73,TRUE,5,0.817458175118255,0.102087613267275,0.063424347826087
"65",74,TRUE,5,0.825317284720741,0.099865808767914,0.0635058695652174
"66",75,TRUE,5,0.739293973355228,0.122002124072743,0.0625839130434783
"67",76,TRUE,5,0.72252286074214,0.125865139266632,0.066255
"68",77,TRUE,5,0.726392634365205,0.124984382485243,0.0656728260869565
"69",78,TRUE,5,0.714050410070272,0.127772265591876,0.0659416149068323
"70",79,TRUE,5,0.715689089101392,0.127405630054774,0.0648739130434783
"71",80,TRUE,5,0.714989148520418,0.127562362612834,0.0661551242236025
"72",81,TRUE,5,0.878708138029328,0.0832161631754027,0.0536329395085066
"73",82,TRUE,5,0.856314128867256,0.0905730284260213,0.0563226086956522
"74",83,TRUE,5,0.839118021406735,0.0958397243363605,0.0574323913043478
"75",84,TRUE,5,0.857230167742698,0.0902838522023758,0.0571448757763975
"76",85,TRUE,5,0.856065529928528,0.0906513472884843,0.0593430434782609
"77",86,TRUE,5,0.856836015248079,0.0904083920931545,0.0591580434782609
"78",87,TRUE,5,0.845073134865856,0.0940492254272225,0.0573734472049689
"79",88,TRUE,5,0.84944593693595,0.0927124583149255,0.0589271739130435
"80",89,TRUE,5,0.851138434868628,0.0921898581917564,0.0584318322981367
"81",90,TRUE,5,0.84179230099049,0.0950398327971022,0.0592695652173913
"82",91,TRUE,5,0.830534268631559,0.0983632345754707,0.0633405279503106
"83",92,TRUE,5,0.841211556605497,0.0952141077892035,0.0598096273291926
"84",93,TRUE,5,0.838284621149089,0.096087637991577,0.0596090062111801
"85",94,TRUE,5,0.837413554459751,0.0963460745568804,0.0602571428571429
"86",95,TRUE,5,0.828173799733112,0.0990459107204067,0.0613710869565217
"87",96,TRUE,5,0.824527113100302,0.100091423795405,0.0626845652173913
"88",97,TRUE,5,0.857729795530479,0.0901257380743484,0.0585649758454106
"89",98,TRUE,5,0.820485607498266,0.101237518973087,0.0638415217391304
"90",99,TRUE,5,0.85849290848384,0.0898837035864903,0.0581320048309179
"91",100,TRUE,5,0.825490246574724,0.0998163555257092,0.0587810869565218
"92",101,TRUE,5,0.824565214552004,0.100080556488044,0.0577954347826087
"93",102,TRUE,5,0.824121262266453,0.100207107554044,0.0577789130434783
"94",103,TRUE,5,0.848030560488728,0.0931472392090987,0.0574547748447205
"95",104,TRUE,5,0.843744986569974,0.0944514950774219,0.0596563664596273
"96",105,TRUE,5,0.83307395929005,0.0976233940913398,0.0568032608695652
"97",106,TRUE,5,0.84949637871278,0.0926969257785938,0.0599372670807454
"98",107,TRUE,5,0.847748494869981,0.0932336429414368,0.0585582298136646
"99",108,TRUE,5,0.848520426111318,0.0929969903793106,0.0580234472049689
"100",109,TRUE,5,0.838891417172878,0.0959071962977017,0.0597145962732919
"101",110,TRUE,5,0.855075634811972,0.0909625360112353,0.0563833333333333
"102",111,TRUE,5,0.852960135820898,0.0916240327513298,0.0563503623188406
"103",112,TRUE,5,0.877735285379418,0.0835492250027653,0.0527841897233202
"104",113,TRUE,5,0.874486027220912,0.0846521308490006,0.0543207509881423
"105",114,TRUE,5,0.870994751885411,0.0858213902805657,0.0558897727272727
"106",115,TRUE,5,0.874923291009183,0.0845045472563863,0.0545013833992095
"107",116,TRUE,5,0.878280095498129,0.0833628699940536,0.0552494983277592
"108",117,TRUE,5,0.837093148201943,0.0964409615918441,0.0590136645962733
"109",118,TRUE,5,0.817514449172666,0.102071876252664,0.0628626086956522
"110",119,TRUE,5,0.829127868638972,0.0987705506105079,0.0596250970496894
"111",120,TRUE,5,0.780180450215106,0.112027595222357,0.0673036956521739
