"","n","k","distance","kernel","R2","RMSE","MAE"
"1",2,9,2,"optimal",0.459158547579554,0.175722284897901,0.0847426956521739
"2",3,17,2,"optimal",0.847914691143274,0.0931827425747386,0.0675384620290377
"3",4,11,2,"optimal",0.840849952501763,0.0953224602365542,0.0677022561411739
"4",5,5,2,"optimal",0.858834652379613,0.0897751020497246,0.059824956110949
"5",6,11,2,"optimal",0.86513610012932,0.0877485024847744,0.0658916130045875
"6",7,5,2,"optimal",0.852758661125012,0.0916867830983115,0.0610645165551387
"7",8,5,2,"optimal",0.838855176748729,0.0959179825698332,0.0612285147631724
"8",9,5,2,"optimal",0.698376985772782,0.131227270097745,0.0701017324998175
"9",10,7,2,"optimal",0.688467434756462,0.133365525978599,0.0735772871188855
"10",11,7,2,"optimal",0.692378213854367,0.132525789837318,0.0729928055952299
"11",12,5,2,"optimal",0.698719041253479,0.131152839868483,0.0684188015985966
"12",13,5,2,"optimal",0.691393243861884,0.132737786533167,0.0690554686502583
"13",14,5,2,"optimal",0.695251450958388,0.131905431750649,0.0683916750267658
"14",15,5,2,"optimal",0.671042506727351,0.137044543417166,0.0699384483814469
"15",16,5,2,"optimal",0.671405334121363,0.136968945150044,0.0689849169427653
"16",17,5,2,"optimal",0.677536851826192,0.135685019478264,0.0684445248041445
"17",18,5,2,"optimal",0.675944665971455,0.136019584455825,0.0680213052660546
"18",19,5,2,"optimal",0.676150277608077,0.135976425704664,0.0680454171557226
"19",20,7,2,"optimal",0.789716344519057,0.109570745244559,0.0619352061028139
"20",21,5,2,"optimal",0.802864979027489,0.106089828710658,0.0614774687495801
"21",22,5,2,"optimal",0.792188561425098,0.108924752272805,0.0639524299805474
"22",23,7,2,"optimal",0.775028690446965,0.113332749400899,0.0670152734495306
"23",24,5,2,"optimal",0.797788909897921,0.10744701176507,0.0639449751343503
"24",25,5,2,"optimal",0.787182673807509,0.110228868079924,0.0659789497413829
"25",26,5,2,"optimal",0.833479852339963,0.0975046325910215,0.0609189363371698
"26",27,5,2,"optimal",0.82116916506812,0.101044588272674,0.0625611693736592
"27",28,5,2,"optimal",0.827529551382301,0.0992314192856083,0.0621406907175959
"28",29,5,2,"optimal",0.829981543535507,0.0985235134967843,0.0626757134816771
"29",30,5,2,"optimal",0.829103894113988,0.0987774794582943,0.0627263490553861
"30",31,5,2,"optimal",0.829895353793666,0.0985484832572382,0.0624006240505307
"31",32,5,2,"optimal",0.831568890080136,0.0980625114827519,0.0619491591621552
"32",33,5,2,"optimal",0.812527321680405,0.103457230526915,0.064462975872857
"33",34,5,2,"optimal",0.805736539626098,0.105314317289187,0.0656181391381306
"34",35,5,2,"optimal",0.81414399901419,0.103010181093104,0.0649168618705747
"35",36,5,2,"optimal",0.839972663616467,0.0955848239931284,0.060903338081498
"36",37,5,2,"optimal",0.834096876954552,0.0973238178531824,0.0607381486968581
"37",38,5,2,"optimal",0.832949824803081,0.0976596861454767,0.06043883334887
"38",39,5,2,"optimal",0.835586404668574,0.0968859316386399,0.059012881330141
"39",40,5,2,"optimal",0.843462736418385,0.0945367624882966,0.0578939282815418
"40",41,5,2,"optimal",0.852309181343428,0.0918266213810357,0.0567724172930308
"41",42,5,2,"optimal",0.853589800784758,0.0914276426774432,0.0565185901866478
"42",43,5,2,"optimal",0.855747537846998,0.0907514293144811,0.0556215346343636
"43",44,5,2,"optimal",0.863701633383318,0.0882139323370167,0.0549894362856433
"44",45,5,2,"optimal",0.864772230969791,0.0878667975452567,0.0545976680671389
"45",46,5,2,"optimal",0.864161446471357,0.0880650083654215,0.0547915041276867
"46",47,5,2,"optimal",0.86739297597056,0.0870111925214941,0.0543932570737901
"47",48,5,2,"optimal",0.869324652047714,0.0863751250426481,0.0536085505438344
"48",49,5,2,"optimal",0.873268569308488,0.0850616935979908,0.0532734960796532
"49",50,5,2,"optimal",0.869017341435619,0.086476630052346,0.0545355558269125
"50",51,5,2,"optimal",0.869759877474765,0.0862311652028909,0.0541665771419419
"51",52,5,2,"optimal",0.867398128151584,0.0870095021820387,0.0548566983467098
"52",53,5,2,"optimal",0.868119580947927,0.0867724811500673,0.0535593133255532
"53",54,5,2,"optimal",0.867581737740987,0.0869492416711303,0.0538959770015209
"54",55,5,2,"optimal",0.867785136648539,0.0868824375271154,0.0547343155426255
"55",56,7,2,"optimal",0.860581605857452,0.0892178790273552,0.0573674122812666
"56",57,5,2,"optimal",0.866340775003913,0.087355715618636,0.0548479139596422
"57",58,5,2,"optimal",0.864575196161823,0.0879307877887078,0.0547134577769553
"58",59,5,2,"optimal",0.853122470372794,0.0915734415260569,0.055584430882776
"59",60,5,2,"optimal",0.851992736323066,0.0919249434328027,0.0552706825490358
"60",61,5,2,"optimal",0.856319457473808,0.0905713489550215,0.0544591858157053
"61",62,5,2,"optimal",0.85079001883204,0.0922976820352599,0.0553126239369191
"62",63,5,2,"optimal",0.851269572357476,0.0921492425694767,0.0548906963118437
"63",64,5,2,"optimal",0.852279022364979,0.0918359965600573,0.0537659908894409
"64",65,5,2,"optimal",0.842915390349543,0.0947018962427347,0.0566211228367981
"65",66,5,2,"optimal",0.845248644827588,0.0939959381762082,0.0567176601147525
"66",67,5,2,"optimal",0.843971892134684,0.0943828913396272,0.0568480521626831
"67",68,5,2,"optimal",0.845777775140702,0.0938351037597306,0.0563741191282078
"68",69,5,2,"optimal",0.866058426573387,0.087447934233478,0.0544182050441474
"69",70,5,2,"optimal",0.866253647964221,0.0873841828081372,0.0543247374681933
"70",71,5,2,"optimal",0.868678472860915,0.0865884207418586,0.0534056491209393
"71",72,5,2,"optimal",0.869082525676872,0.0864551095890162,0.0529856584828231
"72",73,5,2,"optimal",0.866394728354168,0.0873380826821602,0.0543573032089768
"73",74,5,2,"optimal",0.865203318396552,0.0877266321494602,0.0545641623166489
"74",75,5,2,"optimal",0.876514947488404,0.0839651468526311,0.0524249891885841
"75",76,5,2,"optimal",0.865010920547448,0.087789216764705,0.0541552509190645
"76",77,5,2,"optimal",0.867006239569675,0.0871379802870958,0.0537228852802016
"77",78,5,2,"optimal",0.877146547540942,0.083750139544287,0.0516289573774819
"78",79,5,2,"optimal",0.877367544235658,0.0836747780680014,0.0513716025008272
"79",80,5,2,"optimal",0.878219128268496,0.0833837448337016,0.0512104331935946
"80",81,5,2,"optimal",0.873142410131266,0.0851040218658613,0.0520005470687296
"81",82,5,2,"optimal",0.874339991846363,0.0847013628651591,0.0521616851038242
"82",83,5,2,"optimal",0.869764127059964,0.0862297583796113,0.0533443294569673
"83",84,5,2,"optimal",0.870307780758771,0.086049592380787,0.0529279616171514
"84",85,5,2,"optimal",0.871380396006532,0.0856930184252943,0.0524200218296917
"85",86,5,2,"optimal",0.85678940455635,0.0904231082760097,0.0551301681833666
"86",87,5,2,"optimal",0.856232740022353,0.0905986767048352,0.0563668959289154
"87",88,5,2,"optimal",0.848224367171594,0.0930878249058395,0.0575024810665086
"88",89,5,2,"optimal",0.848194990322901,0.0930968332511993,0.0575149800965305
"89",90,5,2,"optimal",0.847980257193894,0.0931626542338918,0.0576908101362589
"90",91,5,2,"optimal",0.856126569405705,0.0906321236181406,0.0562066025275713
"91",92,5,2,"optimal",0.856627717360945,0.0904741384893446,0.0558347815141196
"92",93,5,2,"optimal",0.854796535766177,0.0910500828696428,0.0565173509328226
"93",94,5,2,"optimal",0.857523171836963,0.0901911606147884,0.0562117077869172
"94",95,5,2,"optimal",0.858225234282924,0.0899686752345155,0.0555648125844726
"95",96,5,2,"optimal",0.859534957689165,0.0895521431280948,0.0561498214642274
"96",97,5,2,"optimal",0.858702226162457,0.0898172008739724,0.0558335794100549
"97",98,5,2,"optimal",0.859038597842033,0.0897102283298228,0.0553874643581643
"98",99,5,2,"optimal",0.860037195129321,0.089391901426282,0.0555629380939931
"99",100,5,2,"optimal",0.861911382194181,0.0887913783501659,0.0551382359675728
"100",101,5,2,"optimal",0.860371523308076,0.0892850726861998,0.0546697437639535
"101",102,5,2,"optimal",0.862364546532573,0.0886455656373741,0.0541647006058397
"102",103,5,2,"optimal",0.861252777642805,0.0890028687879495,0.0546344225765902
"103",104,5,2,"optimal",0.859043804878819,0.0897085713912359,0.0551061133791187
"104",105,5,2,"optimal",0.858646502490779,0.0898349097547399,0.0552968396611523
"105",106,5,2,"optimal",0.858895038521214,0.0897558984987394,0.0556006329833225
"106",107,5,2,"optimal",0.85941747449477,0.0895895854436519,0.0545921817972466
"107",108,5,2,"optimal",0.85904202997393,0.0897091361896851,0.0548471362143102
"108",109,5,2,"optimal",0.858011587914387,0.0900364385091892,0.0545195991376748
"109",110,5,2,"optimal",0.858903699400322,0.0897531438935617,0.0541413113461632
"110",111,5,2,"optimal",0.858304426374229,0.0899435445184686,0.0547497287193982
"111",112,5,2,"optimal",0.858683310940464,0.089823212488287,0.0548760166830389
"112",113,5,2,"optimal",0.859102552847456,0.0896898749955974,0.0551002003586058
"113",114,5,2,"optimal",0.864925308817501,0.0878170508512661,0.0543203887681106
"114",115,5,2,"optimal",0.865595449965126,0.0875989382177311,0.0541648678322797
"115",116,5,2,"optimal",0.866520959010858,0.0872968142925276,0.0534601956307897
"116",117,5,2,"optimal",0.867006172879562,0.0871380021348915,0.0537543366687747
"117",118,5,2,"optimal",0.866538531904596,0.0872910676669753,0.0538760605248563
"118",119,5,2,"optimal",0.865298075538596,0.0876957924201587,0.054519721648657
"119",120,5,2,"optimal",0.865367783011702,0.0876730984490514,0.0542753482423072
