1012169
01030300
Área.Obstetricia.Indice.de.Rotación
Área.Obstetricia.Promedio.Días.de.Estada
1010589
1010693
08221100
11053501
21220800
1011824
1011192
1010127
19180800
1012144
1011789
1012109
1010957
1011246
1011919
1010448
1012170
24200130
21800870
1012166
1012434
1010704
27500140
1010037
Datos.Establecimiento.Indice.de.Rotación
1010712
19180900
1011389
1011792
07022130
Área.Cuidados.Intensivos.Pediátricos.Letalidad
1012180
07024816
1011203
1011415
1012165
19140615
1012190
1011434
1012191
07020330
1010520
1011773
1011903
1010172
99001220
1010667
1011896
1012162
99000590
toul
1012233
1010405
07022800
07022142
99001230
1012508
28021450
1011466
1010904
Área.Cuidados.Intensivos.Adultos.Letalidad
1011205
1011533
1011538
1011105
1012518
28021180
1010039
09204918
1011927
1010638
1012117
1011522
1010189
09203113
1011266
1011835
28021280
1011774
21300100
1010331
1012004
1012365
1012406
1011126
1011222
1010400
1010396
28021540
08221600
1012350
1010042
1012540
1010591
1011410
1010223
1011911
09309300
