"","n","lm_intercept","k","R2","RMSE","MAE"
"1",10,TRUE,11,0.371460486028913,0.147406395619201,0.102960416666667
"2",11,TRUE,11,-0.33716541207571,0.215002050293998,0.135976470588235
"3",12,TRUE,9,-0.0844759760331495,0.193624363054331,0.124769711538462
"4",13,TRUE,7,-0.294196099035433,0.211519337466394,0.135140833333333
"5",14,TRUE,7,-0.514070104814736,0.228782618572145,0.159111141304348
"6",15,TRUE,7,-0.403008715320158,0.220231896497481,0.163523369565217
"7",16,TRUE,7,0.117231506055383,0.174692172835534,0.1273
"8",17,TRUE,7,0.225742132612942,0.163603596961606,0.123333928571429
"9",18,TRUE,7,-1.54498697999336,0.296614799824621,0.18703875
"10",19,TRUE,5,-0.161606584990999,0.200391624949747,0.1253075
"11",20,TRUE,5,-0.175184490356923,0.201559401376277,0.136600892857143
"12",21,TRUE,5,-1.28427840073599,0.281011796179158,0.190844642857143
"13",22,TRUE,5,-0.719718075533563,0.243825241078489,0.174341477272727
"14",23,TRUE,5,-0.297790855447973,0.211812891601417,0.145960795454545
"15",24,TRUE,7,-1.0052067171874,0.263287117395106,0.175820535714286
"16",25,TRUE,7,-0.549518317506431,0.231445313665221,0.15518125
"17",26,TRUE,5,-0.818974714813874,0.250762947124391,0.166275892857143
"18",27,TRUE,7,-0.711350468263692,0.243231329282955,0.171999305555556
"19",28,TRUE,5,-0.133502747562019,0.197952651279947,0.143679545454545
"20",29,TRUE,5,-0.777490231014702,0.24788693949139,0.169496428571429
"21",30,TRUE,5,0.148990468727652,0.171520978800376,0.135704807692308
"22",31,TRUE,5,0.0776479538317628,0.178565844497992,0.138853977272727
"23",32,TRUE,5,0.219026356874184,0.164311599330001,0.119870138888889
"24",33,TRUE,5,0.0579739917499119,0.180460219354417,0.13410625
"25",34,TRUE,5,0.406752095742801,0.143208283929775,0.103054583333333
"26",35,TRUE,5,0.199364021586274,0.166367153259416,0.13195625
"27",36,TRUE,5,0.0836673320422336,0.177982219860355,0.125231944444444
"28",37,TRUE,5,0.451250347019994,0.13773273248944,0.108034510869565
"29",38,TRUE,5,0.393313720238102,0.144821193077255,0.117144293478261
"30",39,TRUE,5,0.411423516378826,0.142643336046678,0.116554891304348
"31",40,TRUE,5,0.178498707874453,0.168521051275476,0.134528289473684
"32",41,TRUE,5,0.260427950795529,0.159896986531651,0.112486764705882
"33",42,TRUE,5,0.43958480246968,0.139189022964795,0.103013586956522
"34",43,TRUE,5,0.151250487376514,0.171293073998922,0.1310325
"35",44,TRUE,11,0.301941731709243,0.155344496584027,0.112940073529412
"36",45,TRUE,5,0.515758315892791,0.129384162775883,0.0982029605263157
"37",46,TRUE,7,-0.271762142082587,0.209678055599531,0.1361625
"38",47,TRUE,7,0.213584550312719,0.164883065308908,0.132267663043478
"39",48,TRUE,11,-3.27943184263552,0.38462994358214,0.2423675
"40",49,TRUE,7,0.51040398446644,0.130097506157023,0.110940476190476
"41",50,TRUE,7,0.49716993669193,0.131844085440517,0.114314880952381
"42",51,TRUE,5,0.483348664408702,0.133643798982549,0.0992621323529411
"43",52,TRUE,5,0.386391185564402,0.145645083568403,0.116495588235294
"44",53,TRUE,5,-0.176292117014122,0.201654365183224,0.147340178571429
"45",54,TRUE,5,0.0480537975300429,0.181407917213351,0.138693181818182
"46",55,TRUE,9,-0.116989811269421,0.196505468207615,0.164025694444444
"47",56,TRUE,9,0.184704656688202,0.167883306889467,0.118770535714286
"48",57,TRUE,9,-0.262248637585451,0.20889232783369,0.182055833333333
"49",58,TRUE,7,0.188541754233624,0.167487778836418,0.139034868421053
"50",59,TRUE,7,0.247674826387464,0.161269719762016,0.133599671052632
"51",60,TRUE,7,0.374344909518842,0.147067776182293,0.123549013157895
"52",61,TRUE,7,0.323989347084144,0.152871597578688,0.126461842105263
"53",62,TRUE,7,0.349077988103185,0.150008031952549,0.124173684210526
"54",63,TRUE,7,0.408914679279597,0.142947024994016,0.118631907894737
"55",64,TRUE,7,-0.366346421609714,0.217335387662961,0.191097368421053
"56",65,TRUE,7,-0.366346421609714,0.217335387662961,0.191097368421053
"57",66,TRUE,7,-0.366346421609714,0.217335387662961,0.191097368421053
"58",67,TRUE,9,-0.523556582451054,0.229498223550618,0.195615808823529
"59",68,TRUE,9,-0.523556582451054,0.229498223550618,0.195615808823529
"60",69,TRUE,9,-0.523556582451054,0.229498223550618,0.195615808823529
"61",70,TRUE,5,-0.234902719644595,0.206617169530535,0.179222794117647
"62",71,TRUE,5,-0.245929036063376,0.207537551079633,0.18255
"63",72,TRUE,5,-0.245929036063376,0.207537551079633,0.18255
"64",73,TRUE,5,-0.245929036063376,0.207537551079634,0.18255
"65",74,TRUE,5,-0.245929036063376,0.207537551079633,0.18255
"66",75,TRUE,5,-0.234902719644595,0.206617169530535,0.179222794117647
"67",76,TRUE,5,-0.230398493303405,0.206240014044719,0.178539338235294
"68",77,TRUE,5,-0.234902719644595,0.206617169530535,0.179222794117647
"69",78,TRUE,5,-0.230398493303405,0.206240014044719,0.178539338235294
"70",79,TRUE,5,-0.199189500532873,0.203607580412593,0.176946691176471
"71",80,TRUE,5,-0.230398493303405,0.206240014044719,0.178539338235294
"72",81,TRUE,5,-0.230398493303405,0.206240014044719,0.178539338235294
"73",82,TRUE,5,-0.230398493303405,0.206240014044719,0.178539338235294
"74",83,TRUE,5,-0.230398493303405,0.206240014044719,0.178539338235294
"75",84,TRUE,5,-0.230398493303405,0.206240014044719,0.178539338235294
"76",85,TRUE,5,-0.220662444667805,0.205422412744744,0.176751838235294
"77",86,TRUE,5,-0.230398493303405,0.206240014044719,0.178539338235294
"78",87,TRUE,5,-0.230398493303405,0.206240014044719,0.178539338235294
"79",88,TRUE,5,-0.230398493303405,0.206240014044719,0.178539338235294
"80",89,TRUE,7,-0.369266841040906,0.217567529265082,0.188784539473684
"81",90,TRUE,7,-0.369266841040906,0.217567529265082,0.188784539473684
"82",91,TRUE,7,-0.4373433730247,0.222910383864827,0.192742763157895
"83",92,TRUE,7,-0.369266841040906,0.217567529265082,0.188784539473684
"84",93,TRUE,7,-0.371951573760024,0.21778071803503,0.189905592105263
"85",94,TRUE,7,-0.371951573760024,0.21778071803503,0.189905592105263
"86",95,TRUE,5,-0.220933863780627,0.205445249717505,0.176669117647059
"87",96,TRUE,5,-0.220933863780627,0.205445249717505,0.176669117647059
"88",97,TRUE,5,-0.220933863780627,0.205445249717505,0.176669117647059
"89",98,TRUE,5,-0.220933863780627,0.205445249717505,0.176669117647059
"90",99,TRUE,5,-0.240212517536294,0.207060896233777,0.178456617647059
"91",100,TRUE,5,-0.240212517536294,0.207060896233777,0.178456617647059
"92",101,TRUE,5,-0.17454887260079,0.201504885654105,0.16946875
"93",102,TRUE,5,-0.17454887260079,0.201504885654105,0.16946875
"94",103,TRUE,5,-0.160308597624,0.200279634150695,0.166997794117647
"95",104,TRUE,5,-0.215288439029557,0.204969724564939,0.174044078947368
"96",105,TRUE,5,-0.167871606358346,0.200931295427732,0.167574632352941
"97",106,TRUE,5,-0.210144829959537,0.204535505818872,0.173711184210526
"98",107,TRUE,5,-0.210144829959536,0.204535505818872,0.173711184210526
"99",108,TRUE,5,-0.210144829959536,0.204535505818872,0.173711184210526
"100",109,TRUE,5,-0.178897922777127,0.201877601148786,0.170901838235294
"101",110,TRUE,5,-0.178897922777127,0.201877601148786,0.170901838235294
"102",111,TRUE,5,-0.178897922777127,0.201877601148786,0.170901838235294
"103",112,TRUE,5,-0.178897922777127,0.201877601148786,0.170901838235294
"104",113,TRUE,5,-0.178897922777127,0.201877601148786,0.170901838235294
"105",114,TRUE,5,-0.195025399821277,0.203253766537046,0.172471710526316
"106",115,TRUE,5,-0.195025399821277,0.203253766537046,0.172471710526316
"107",116,TRUE,5,-0.213722693506968,0.204837643219306,0.173663157894737
"108",117,TRUE,5,-0.243088228777546,0.207300815831631,0.178355921052632
"109",118,TRUE,5,-0.205971910717831,0.204182553352478,0.175627976190476
"110",119,TRUE,7,-1.11843850209736,0.270618800530594,0.2314625
"111",120,TRUE,5,-0.240869545247103,0.207115736324238,0.178737132352941
