Datos.Establecimiento.Promedio.Días.de.Estada
Área.Obstetricia.Promedio.Días.de.Estada
01090020
1011920
21700702
07022000
1012169
1011457
19180900
1010698
24200130
1011466
19140615
Datos.Establecimiento.Indice.de.Rotación
1010697
28021460
1011668
1011389
1012252
17070100
Área.Cuidados.Intensivos.Pediátricos.Promedio.Días.de.Estada
1010708
1012144
28021120
1011947
21400400
1010039
25400030
07020230
28021430
1010567
28021320
1012625
1012275
28022650
28101080
Datos.Establecimiento.Letalidad
21700706
07022130
1011987
07024925
1010520
28101100
1010435
1010959
1012090
17200390
1010623
07020500
Área.Cuidados.Intermedios.Adultos.Indice.de.Rotación
28021220
11056406
07024900
28021230
08180204
Área.Médico.Quirúrgico.Cuidados.Básicos.Indice.de.Rotación
21300100
1011292
1012026
21800870
1010042
1011702
1012356
21700703
1012433
1010559
17050500
1012343
08222610
1012421
1010704
1010636
17200230
28021210
11056407
Área.Neonatología.Cuidados.Intensivos.Numero.de.Egresos
1010555
1012352
1012292
1013660
1011326
28020970
07022133
1010234
99100180
1012525
24200131
Área.Cuidados.Intermedios.Pediátricos.Promedio.Días.de.Estada
1012293
1012384
1010676
01030300
1012551
99001210
1011899
1012256
11056408
1011708
Área.Cuidados.Intermedios.Adultos.Egresos.Fallecidos
1010050
1010621
1012017
99000920
1011415
