"","n","k","R2","RMSE","MAE"
"1",2,7,0.291216579382296,0.246907733489302,0.173147619047619
"2",3,7,0.311407981211739,0.243365442991478,0.180320750661376
"3",4,7,0.423151495671998,0.222745430334034,0.156490476190476
"1",5,7,0.425580624337273,0.222275941263615,0.155827380952381
"2",6,5,0.584296867582659,0.189090437301054,0.137478055555556
"3",7,5,0.624352623953132,0.179749668242624,0.129495
"4",8,5,0.626359116953347,0.179268965616844,0.128885
"5",9,5,0.558136967144933,0.194949332391778,0.14119
"6",10,5,0.597813883900676,0.185990796725716,0.130026666666667
"7",11,5,0.595878456316031,0.186437778449898,0.132015
"8",12,5,0.545634687421549,0.197688088496331,0.14228
"9",13,5,0.587932197812785,0.188261822382199,0.135071666666667
"10",14,5,0.604502002841367,0.184437854664744,0.132058333333333
"11",15,5,0.602453515390327,0.184914886997595,0.135391666666667
"12",16,5,0.59665539047314,0.186258476496149,0.136613333333333
"13",17,5,0.581437444793461,0.189739654087735,0.13891
"14",18,5,0.42656807832684,0.222084807674906,0.15256
"15",19,5,0.584432352145186,0.189059620931247,0.14162
"16",20,7,0.495362588438951,0.208337591766002,0.143161904761905
"17",21,7,0.510334705488842,0.205223731405441,0.142178571428571
"18",22,7,0.512134238303295,0.204846283002314,0.141619047619048
"19",23,7,0.49979241005612,0.207421158860077,0.144511904761905
"20",24,7,0.416590163473904,0.224008651322548,0.150122619047619
"21",25,7,0.416600421768738,0.224006681903498,0.150088095238095
"22",26,7,0.417285888262405,0.223875044677275,0.149986904761905
"23",27,7,0.482895186490911,0.210895448957905,0.145184523809524
"24",28,7,0.490412459646078,0.209356918855788,0.143560714285714
"25",29,7,0.568735174616707,0.192597185644981,0.137004761904762
"26",30,5,0.54318045591138,0.198221270637975,0.14426
"27",31,5,0.574500336661343,0.191305531719986,0.138413333333333
"28",32,5,0.575948796423697,0.190979638879821,0.136513333333333
"29",33,5,0.5890397657991,0.188008644304812,0.134496666666667
"30",34,5,0.590051323991593,0.187777114775292,0.133701666666667
"31",35,5,0.58869406768143,0.188087703744822,0.134091666666667
"32",36,5,0.517159423805241,0.203788558560092,0.141406666666667
"33",37,5,0.52254722193553,0.202648377080433,0.139496666666667
"34",38,5,0.52254722193553,0.202648377080433,0.139496666666667
"35",39,5,0.52254722193553,0.202648377080433,0.139496666666667
"36",40,5,0.510299983317046,0.205231007485061,0.142931666666667
"37",41,5,0.510299983317046,0.205231007485061,0.142931666666667
"38",42,5,0.522673532764114,0.202621569845529,0.137375
"39",43,5,0.533475529799643,0.200315765896413,0.13473
"40",44,5,0.546602883126935,0.19747735186598,0.136498333333333
"41",45,5,0.546602883126935,0.19747735186598,0.136498333333333
"42",46,5,0.551903778011995,0.196319554043911,0.135138333333333
"43",47,5,0.39412357758026,0.228281093318449,0.147935
"44",48,5,0.392013258764774,0.228678308911595,0.148688333333333
"45",49,5,0.386184607261235,0.229771841689388,0.150291666666667
"46",50,5,0.392523827344414,0.228582270236925,0.146513333333333
"47",51,5,0.528380935173309,0.201406551780224,0.136455
"48",52,5,0.520162286307317,0.203153873455566,0.137371666666667
"49",53,7,0.44200409386172,0.219075304513355,0.137580952380952
"50",54,7,0.45181352438123,0.217141121272824,0.136294047619048
"51",55,7,0.447372400666325,0.218018929582875,0.134875
"52",56,7,0.446141913050203,0.218261516476978,0.135786904761905
"53",57,7,0.452988659993456,0.216908256022246,0.135204761904762
"54",58,7,0.450844432179848,0.217332969173561,0.136202380952381
"55",59,7,0.460107887146782,0.215492127679497,0.13630119047619
"56",60,7,0.461244160033257,0.215265242691161,0.135984523809524
"57",61,5,0.52140393657591,0.202890858016488,0.135966666666667
"58",62,5,0.525987151101932,0.201917041711029,0.13545
"59",63,5,0.3784970789103,0.231206215386467,0.144898333333333
"60",64,5,0.379616880551369,0.230997831952308,0.144195
"61",65,5,0.417936648347105,0.223750000819367,0.141716666666667
"62",66,5,0.249052326849223,0.254145693910665,0.154946666666667
"63",67,5,0.240738766493891,0.255548614553083,0.155123333333333
"64",68,5,0.239510333858557,0.25575526107329,0.155811666666667
"65",69,5,0.239510333858557,0.25575526107329,0.155811666666667
"66",70,5,0.227806345160093,0.257715792298415,0.1575
"67",71,5,0.226003796140817,0.258016412850036,0.158105
"68",72,5,0.239507101727513,0.255755804561043,0.156348333333333
"69",73,5,0.23965460471699,0.255731000532461,0.156095
"70",74,5,0.394496163617811,0.228210891355635,0.148676666666667
"71",75,5,0.385456789094527,0.229908024798324,0.149153333333333
"72",76,5,0.384781563203046,0.230034295196753,0.149238333333333
"73",77,5,0.383800790477426,0.230217580924365,0.149248333333333
"74",78,5,0.379599018958124,0.231001157284258,0.150426666666667
"75",79,5,0.379979334594436,0.2309303427443,0.149213333333333
"76",80,5,0.379364063571177,0.231044894987965,0.149288333333333
"77",81,5,0.384786105238518,0.230033446046439,0.148598333333333
"78",82,5,0.384786105238518,0.230033446046439,0.148598333333333
"79",83,5,0.384798148220794,0.230031194551232,0.148506666666667
"80",84,5,0.384628536524869,0.230062902268054,0.149263333333333
"81",85,5,0.385341789949505,0.229929535075423,0.147738333333333
"82",86,5,0.385341789949505,0.229929535075423,0.147738333333333
"83",87,5,0.385483692128689,0.229902992368521,0.147738333333333
"84",88,5,0.385845700106668,0.229835265135705,0.147878333333333
"85",89,5,0.385845700106668,0.229835265135705,0.147878333333333
"86",90,5,0.381059109354141,0.230729170890895,0.148488333333333
"87",91,5,0.38732499145383,0.229558300292831,0.146831666666667
"88",92,5,0.38162819655768,0.230623074156367,0.14832
"89",93,5,0.383673627048328,0.230241334400812,0.150023333333333
"90",94,5,0.383673627048328,0.230241334400812,0.150023333333333
"91",95,5,0.383673627048328,0.230241334400812,0.150023333333333
"92",96,5,0.372607363770325,0.232299152961578,0.15188
"93",97,5,0.386041761020754,0.229798576221293,0.148091666666667
"94",98,5,0.37173794299725,0.232460053629292,0.152153333333333
"95",99,5,0.371063362756887,0.232584819152068,0.153861666666667
"96",100,5,0.371063362756887,0.232584819152068,0.153861666666667
"97",101,5,0.371063362756887,0.232584819152068,0.153861666666667
"98",102,5,0.37064757235087,0.232661687434782,0.154216666666667
"99",103,5,0.3696795684806,0.232840546583565,0.15564
"100",104,5,0.273181107922015,0.250029366993678,0.161649444444444
"101",105,5,0.273181107922015,0.250029366993678,0.161649444444444
"102",106,5,0.371405687289337,0.232521513628309,0.154281666666667
"103",107,5,0.371260314638511,0.232548399263465,0.1543
"104",108,5,0.368066273522935,0.233138331969098,0.153095
"105",109,5,0.382714621601403,0.230420392833042,0.150715
"106",110,5,0.382714621601403,0.230420392833042,0.150715
"107",111,5,0.382714621601403,0.230420392833042,0.150715
"108",112,5,0.382714621601403,0.230420392833042,0.150715
"109",113,5,0.382714621601403,0.230420392833042,0.150715
"110",114,5,0.269874739315273,0.250597425432372,0.157355
"111",115,5,0.2489312467248,0.254166181857461,0.159933333333333
"112",116,5,0.2489312467248,0.254166181857461,0.159933333333333
"113",117,5,0.255172699882004,0.253107906040092,0.158298333333333
"114",118,5,0.255328167322929,0.253081489116319,0.15828
"115",119,5,0.24936250601698,0.254093201010968,0.159846666666667
"116",120,5,0.24936250601698,0.254093201010968,0.159846666666667
