"","n","C","sigma","R2","RMSE","MAE"
"1",2,0.736842105263158,0.1,0.301169860462495,0.10308095507578,0.080268777811284
"2",3,2,0.1,0.289288983534519,0.10395350662899,0.0857455805016851
"3",4,1.57894736842105,0.1,0.305381503881894,0.10276986637994,0.0865988177903538
"1",5,1.15789473684211,0.1,0.44224574147658,0.0920903381321115,0.0721955963351598
"2",6,1.15789473684211,0.1,0.387833093981153,0.0964778338614468,0.0753858076882375
"3",7,2,0.01,0.0694488418984344,0.11894953459276,0.0820318165457606
"4",8,0.947368421052632,0.1,0.511170585656946,0.0862127077583887,0.0649671732921984
"5",9,2,0.01,0.332391465758042,0.100751973108281,0.0671490696890896
"6",10,2,0.01,0.340374472130642,0.100147784819628,0.0672325464645156
"7",11,2,0.01,0.28657969248332,0.104151457976229,0.0695229532911721
"8",12,1.89473684210526,0.01,0.379248454129185,0.0971519506733716,0.0683242777480085
"9",13,2,0.01,0.444116028199101,0.091935807742194,0.0660245998317249
"10",14,2,0.01,0.482252372588468,0.0887261585432313,0.0630371155929384
"11",15,1.68421052631579,0.01,0.535539759150291,0.0840362939828521,0.0586245046571896
"12",16,1.68421052631579,0.01,0.623974731127726,0.0756138123878302,0.0529442195005295
"13",17,1.68421052631579,0.01,0.645379640227031,0.073430156396258,0.0504247205544834
"14",18,1.57894736842105,0.01,0.665354055067361,0.0713321646863296,0.0508923421647705
"15",19,1.36842105263158,0.01,0.684266805251755,0.0692871570810567,0.0490419329820001
"16",20,1.78947368421053,0.01,0.679265839438296,0.0698337283426639,0.0491271889050715
"17",21,1.78947368421053,0.01,0.450321914889024,0.0914211818747445,0.0664148393084192
"18",22,1.68421052631579,0.01,0.491914146272292,0.0878943931177474,0.065199156436298
"19",23,1.68421052631579,0.01,0.514698233260605,0.0859010666026336,0.0631621969747281
"20",24,1.68421052631579,0.01,0.447843857996857,0.0916270224752742,0.0698761710090927
"21",25,1.68421052631579,0.01,0.414678484981516,0.094338694974022,0.0732185791444142
"22",26,1.68421052631579,0.01,0.416497046631321,0.0941920284042701,0.0739799858573193
"23",27,1.68421052631579,0.01,0.335263897457377,0.100534993312327,0.0795181985257383
"24",28,1.15789473684211,0.01,0.43331552487414,0.0928246408584209,0.0744655509674931
"25",29,1.15789473684211,0.01,0.426315523662614,0.0933961919925416,0.07467639999059
"26",30,1.26315789473684,0.01,0.401700798126844,0.0953787951276047,0.0760855929171418
"27",31,1.15789473684211,0.01,0.436695134919076,0.0925474317303003,0.0743150488019551
"28",32,1.05263157894737,0.01,0.472103297348518,0.089591559190017,0.0728942729342316
"29",33,1.15789473684211,0.01,0.452531679510784,0.0912372353587854,0.0749267198059398
"30",34,1.15789473684211,0.01,0.411585129255608,0.0945876509644289,0.0782162110796708
"31",35,1.05263157894737,0.01,0.349716410732387,0.0994360850754908,0.0794722860981204
"32",36,1.15789473684211,0.01,0.292760639170692,0.103699301639136,0.0819440397129888
"33",37,1.15789473684211,0.01,0.293047424487656,0.103678274491764,0.0819820251054562
"34",38,1.15789473684211,0.01,0.288194338409441,0.104033531009036,0.0816284444681512
"35",39,1.05263157894737,0.01,0.130555565929467,0.114977678591652,0.0959490796617468
"36",40,0.947368421052632,0.01,0.189993793442899,0.11097797434263,0.0918714099547543
"37",41,0.842105263157895,0.01,0.264474771319997,0.105752686057751,0.0875732540013417
"38",42,0.842105263157895,0.01,0.292101273997331,0.10374763024074,0.0854795938878486
"39",43,0.842105263157895,0.01,0.289450514524106,0.103941692638053,0.0853547224023615
"40",44,0.842105263157895,0.01,0.257756243060394,0.106234577949355,0.0868041437675942
"41",45,0.947368421052632,0.01,0.150869627988344,0.113626546646931,0.0918490099929369
"42",46,0.947368421052632,0.01,0.164115220541431,0.112736832567168,0.0888522079294082
"43",47,0.947368421052632,0.01,0.160193571095253,0.113000982006891,0.0890248356146933
"44",48,0.947368421052632,0.01,0.167290737854904,0.112522485789188,0.0881789629492922
"45",49,0.947368421052632,0.01,0.162833030482504,0.112823264728363,0.0859462880094715
"46",50,0.947368421052632,0.01,0.130712128006445,0.114967326029771,0.0857639629730863
"47",51,0.947368421052632,0.01,0.143901497352451,0.114091814957686,0.0855608529793353
"48",52,0.947368421052632,0.01,0.1247361595854,0.115361823869614,0.0871269058072365
"49",53,0.947368421052632,0.01,0.129939251820761,0.115018422893017,0.0864763951738944
"50",54,0.947368421052632,0.01,0.105200416126957,0.116642147510624,0.0874811229954024
"51",55,0.947368421052632,0.01,0.142997133870742,0.114152061083385,0.0854145523335251
"52",56,0.947368421052632,0.01,0.167297159957496,0.112522051884839,0.0847024388692632
"53",57,0.842105263157895,0.01,0.211895382800441,0.109467337736036,0.08291398146151
"54",58,0.842105263157895,0.01,0.196769896829773,0.110512806579699,0.0829703265970214
"55",59,0.947368421052632,0.01,0.143904340107449,0.114091625531268,0.0855630599422092
"56",60,0.947368421052632,0.01,0.149669050455652,0.113706846031881,0.0852175200416527
"57",61,0.842105263157895,0.01,0.206322610076348,0.109853683639864,0.0815955601731095
"58",62,1.15789473684211,0.01,0.132496032541584,0.11484930065062,0.0862963644357412
"59",63,1.05263157894737,0.01,0.149592704629515,0.113711950425798,0.0866753685495335
"60",64,1.05263157894737,0.01,0.117338883744767,0.115848287337371,0.0892208187570942
"61",65,1.05263157894737,0.01,0.133606441847731,0.114775773281962,0.0881405935349189
"62",66,1.05263157894737,0.01,0.137650532615784,0.114507588831506,0.0882134122537262
"63",67,1.05263157894737,0.01,0.154352221273727,0.113393295288502,0.0878708699709541
"64",68,1.36842105263158,0.01,0.105807673412248,0.116602561095558,0.0900123396115736
"65",69,1.26315789473684,0.01,0.129145155002263,0.11507089907531,0.089481948328296
"66",70,1.26315789473684,0.01,0.145779116733974,0.113966631587872,0.0872899876714116
"67",71,1.36842105263158,0.01,0.170071579042239,0.112334443663614,0.0857933605227591
"68",72,1.36842105263158,0.01,0.178489086460126,0.111763318588437,0.0851570828288751
"69",73,1.47368421052632,0.01,0.158999788409822,0.113081268788255,0.0859039845158152
"70",74,1.47368421052632,0.01,0.137183771212379,0.114538574235028,0.0872235830497801
"71",75,1.47368421052632,0.01,0.127939745055488,0.115150510299636,0.0882116911247108
"72",76,1.57894736842105,0.01,0.116779105838137,0.11588501662797,0.088571803269053
"73",77,1.57894736842105,0.01,0.110574014843975,0.116291380721782,0.0888201457573148
"74",78,1.47368421052632,0.01,0.130931990440649,0.114952786200417,0.0881406613381623
"75",79,1.47368421052632,0.01,0.131170471687946,0.114937013001733,0.0879540623168239
"76",80,1.47368421052632,0.01,0.105210941653283,0.116641461477893,0.0898432575821323
"77",81,1.57894736842105,0.01,0.0803744853679175,0.118249176842123,0.0907950669574012
"78",82,1.47368421052632,0.01,0.104320982351418,0.116699452997807,0.0895734912406213
"79",83,1.78947368421053,0.01,0.0595492875499649,0.119580575735709,0.0922544275407677
"80",84,1.36842105263158,0.01,0.1143498671376,0.116044274105164,0.0937864184862541
"81",85,1.47368421052632,0.01,0.101121455338553,0.11690770293514,0.094000638361518
"82",86,1.78947368421053,0.01,0.0744535111211233,0.118629237508249,0.0946878491827109
"83",87,1.89473684210526,0.01,0.0640366934335381,0.11929494236079,0.0955956276970961
"84",88,1.89473684210526,0.01,0.0646873322505347,0.119253470962594,0.0953135034981761
"85",89,1.68421052631579,0.01,-0.0201735884727841,0.124545963876924,0.100487918879971
"86",90,1.78947368421053,0.01,-0.0304155564958204,0.125169588228161,0.100818501444013
"87",91,2,0.01,-0.0347617500850965,0.125433287091371,0.100744193991249
"88",92,1.78947368421053,0.01,0.0257381768837285,0.121711177092375,0.098371382655432
"89",93,1.89473684210526,0.01,-0.0109725826453411,0.123983048058531,0.100174637517241
"90",94,1.89473684210526,0.01,-0.000855572310611841,0.12336112630476,0.0972741805191272
"91",95,1.78947368421053,0.01,0.00613404180638311,0.122929616815102,0.0972590539678428
"92",96,1.89473684210526,0.01,0.011958362595871,0.122568887300857,0.0970183885411081
"93",97,1.89473684210526,0.01,-0.0543689506898781,0.126616097645047,0.100127526450292
"94",98,1.89473684210526,0.01,-0.0567062467981452,0.126756359498394,0.100334938690131
"95",99,2,0.01,-0.0575048931787718,0.126804250947643,0.0999306177667394
"96",100,2,0.01,-0.0500553795798426,0.126356830100179,0.0996840185324985
"97",101,2,0.01,-0.0503935275390708,0.126377173724793,0.0997295051531625
"98",102,2,0.01,-0.0470823560992379,0.126177826158955,0.100027489616226
"99",103,2,0.01,-0.0283909899192964,0.125046560793756,0.0998520070090257
"100",104,2,0.01,-0.0259912610019224,0.124900578812296,0.100215082894627
"101",105,2,0.01,-0.0226799676670213,0.124698863305846,0.100123879700765
"102",106,2,0.01,-0.0398504980634116,0.125741336530934,0.101498868663315
"103",107,2,0.01,-0.0324062208047953,0.125290437725693,0.101198927303832
"104",108,2,0.01,-0.0385330869652603,0.12566165895553,0.0993972071059773
"105",109,2,0.001,0.550419105778082,0.0826792528858945,0.0716840621599893
"106",110,2,0.001,0.553554219259093,0.0823904702454568,0.0715044920514519
"107",111,2,0.001,0.556886688543881,0.0820823947625245,0.0713419666134765
"108",112,2,0.001,0.553789929985753,0.0823687174565733,0.0715730117419349
"109",113,2,0.001,0.576760477371012,0.0802205671556151,0.0695510720502382
"110",114,2,0.001,0.576365299640492,0.0802580092936381,0.069562732885085
"111",115,2,0.001,0.547638349229608,0.082934553388824,0.0712546529069434
"112",116,2,0.001,0.546208566743716,0.0830655158849043,0.0712851135610356
"113",117,2,0.001,0.54852367202387,0.0828533575024028,0.0707779186353676
"114",118,2,0.001,0.544578296668571,0.0832145907766756,0.0711040888214582
"115",119,2,0.001,0.541061067076973,0.0835353065969795,0.071337878852339
"116",120,2,0.001,0.596167088542226,0.0783598282060138,0.0673535735169996
