"","n","lm_intercept","k","R2","RMSE","MAE"
"1",10,TRUE,5,-0.297392626976533,0.140452131010683,0.0917369047619048
"2",11,TRUE,5,-0.120319266462979,0.130515930062196,0.09337
"3",12,TRUE,5,-0.288114668623521,0.139949026910991,0.09512
"4",13,TRUE,5,-0.691244203628145,0.160359901471658,0.120123333333333
"5",14,TRUE,5,-0.63765758815439,0.157798972535734,0.11203
"6",15,TRUE,5,-0.533914146236369,0.152719026319578,0.117613333333333
"7",16,TRUE,5,-0.354334638723462,0.143501226591738,0.113431666666667
"8",17,TRUE,5,-0.0856030389538087,0.128477815983928,0.09328
"9",18,TRUE,5,0.285382510275711,0.104238809012803,0.0832765151515152
"10",19,TRUE,5,0.0472265745654985,0.120361457424432,0.082575
"11",20,TRUE,5,0.0816879948469662,0.118164698479143,0.092895
"12",21,TRUE,5,0.256239927229096,0.106343034898523,0.0880630952380953
"13",22,TRUE,5,-0.0834326000642256,0.128349319307376,0.0956016666666667
"14",23,TRUE,5,0.170059567913185,0.112335256540113,0.0868179487179488
"15",24,TRUE,5,0.144824402477618,0.114030300824706,0.0837240740740741
"16",25,TRUE,5,-0.00743864965221475,0.123766162181893,0.0943944444444444
"17",26,TRUE,5,0.311917033536551,0.102285252985481,0.0836653846153846
"18",27,TRUE,5,-2.42129914116148,0.228080493685892,0.140723333333333
"19",28,TRUE,5,-0.926724494472683,0.171160059767665,0.141986111111111
"20",29,TRUE,5,-0.898943090023396,0.169921602384129,0.131847222222222
"21",30,TRUE,5,-0.0477668528725237,0.126219061790441,0.0994361111111112
"22",31,TRUE,5,-0.118251722856816,0.130395441197862,0.101135
"23",32,TRUE,5,0.0324902818677826,0.121288685180688,0.0886519230769231
"24",33,TRUE,5,-0.00301043039526827,0.123493854142703,0.101456060606061
"25",34,TRUE,5,0.16480305713252,0.112690438327423,0.0871529411764707
"26",35,TRUE,5,-0.248230875176238,0.137765375575589,0.10965
"27",36,TRUE,5,-0.902022729785797,0.170059333033211,0.133634523809524
"28",37,TRUE,5,-0.636719111409395,0.15775375188354,0.128281666666667
"29",38,TRUE,5,0.162606790691282,0.11283850863341,0.0876202380952381
"30",39,TRUE,5,0.173479172810354,0.112103590090784,0.0901128205128205
"31",40,TRUE,5,0.456202380382492,0.0909308542868768,0.0650801282051282
"32",41,TRUE,5,0.373190127378204,0.0976248847718745,0.0830287878787879
"33",42,TRUE,5,0.627698949798463,0.0752384345486623,0.0579016666666667
"34",43,TRUE,7,-0.242587452522512,0.137453594714725,0.107701666666667
"35",44,TRUE,5,-0.220045464061266,0.136201103886863,0.100855
"36",45,TRUE,5,-0.66873630930787,0.15928925387483,0.125846666666667
"37",46,TRUE,5,0.324309287755512,0.101359998355696,0.08476
"38",47,TRUE,5,0.417010737492282,0.0941505579732094,0.078525
"39",48,TRUE,5,0.324136021909848,0.101372993280591,0.0786916666666667
"40",49,TRUE,5,0.527923018424321,0.0847225526842371,0.0664633333333334
"41",50,TRUE,5,0.27939231117875,0.104674782222526,0.0836083333333334
"42",51,TRUE,5,0.275894787666649,0.104928498194405,0.08433
"43",52,TRUE,5,0.278269914169035,0.104756269661216,0.0839916666666667
"44",53,TRUE,5,0.539222821239469,0.0837024366431468,0.0661483333333334
"45",54,TRUE,5,0.514666391244819,0.0859038846618708,0.0688733333333334
"46",55,TRUE,5,0.531257603861986,0.0844227972765651,0.069685
"47",56,TRUE,5,0.459879800998581,0.0906228736762046,0.0787116666666666
"48",57,TRUE,5,0.496238326091019,0.0875195713350258,0.0755183333333333
"49",58,TRUE,5,0.570853995835306,0.0807783832571938,0.0629648148148148
"50",59,TRUE,5,0.547522531323571,0.0829451695535272,0.0665037037037037
"51",60,TRUE,5,0.554581411433619,0.0822956327689356,0.0653888888888889
"52",61,TRUE,5,0.554581411433619,0.0822956327689356,0.0653888888888889
"53",62,TRUE,5,0.609871445085102,0.0770187542316893,0.0615190476190476
"54",63,TRUE,5,0.557300780981471,0.082044032516722,0.0648981481481481
"55",64,TRUE,5,0.548331027999345,0.0828710322961356,0.0664675925925925
"56",65,TRUE,5,0.603177060648433,0.0776767426017781,0.0638679487179487
"57",66,TRUE,5,0.66837534920934,0.0710094294207936,0.0589977777777778
"58",67,TRUE,5,0.663821162360855,0.0714953515194442,0.0593644444444444
"59",68,TRUE,5,0.662361685254878,0.0716503773735895,0.0594511111111111
"60",69,TRUE,5,0.622411631214618,0.0757708089781102,0.0603845238095237
"61",70,TRUE,5,0.689403440158003,0.0687212326401517,0.0570134615384615
"62",71,TRUE,5,0.593722104647731,0.0785966828512936,0.0647519230769231
"63",72,TRUE,5,0.556041797673581,0.0821606113694759,0.0633772727272727
"64",73,TRUE,5,0.503258949539931,0.0869075777949731,0.0704648148148148
"65",74,TRUE,5,0.514121842387572,0.0859520636331575,0.0697907407407407
"66",75,TRUE,5,0.522660642306667,0.085193457166809,0.0675314814814815
"67",76,TRUE,5,0.530283485208241,0.0845104735150907,0.0661601851851852
"68",77,TRUE,5,0.593339042272913,0.0786337268781966,0.0617257575757576
"69",78,TRUE,5,0.672705132157222,0.0705443470197982,0.0590224358974359
"70",79,TRUE,5,0.527368689916801,0.0847722801115355,0.066187962962963
"71",80,TRUE,5,0.672705132157222,0.0705443470197982,0.0590224358974359
"72",81,TRUE,5,0.669920494781069,0.0708438084260558,0.059549358974359
"73",82,TRUE,5,0.666521338289524,0.0712076486470257,0.0600942307692308
"74",83,TRUE,5,0.213237295766495,0.109374102510603,0.0893983333333333
"75",84,TRUE,5,0.564861121259862,0.0813404488007726,0.0632601851851852
"76",85,TRUE,5,0.564861121259862,0.0813404488007726,0.0632601851851852
"77",86,TRUE,5,0.667773771190484,0.0710738069579994,0.0595705128205128
"78",87,TRUE,5,0.677006085259479,0.0700793056675095,0.0562410256410256
"79",88,TRUE,5,0.676909909909506,0.0700897383719565,0.057499358974359
"80",89,TRUE,5,0.678581533504268,0.0699081859126218,0.0561782051282051
"81",90,TRUE,5,0.684668298464667,0.0692430895376423,0.0570108974358975
"82",91,TRUE,5,0.684668298464667,0.0692430895376423,0.0570108974358975
"83",92,TRUE,5,0.6814921811722,0.0695909346141678,0.0581378205128205
"84",93,TRUE,5,0.673234028641247,0.0704873254375372,0.0586282051282051
"85",94,TRUE,5,0.673234028641247,0.0704873254375372,0.0586282051282051
"86",95,TRUE,5,0.580508683761727,0.0798645608013474,0.0648288461538462
"87",96,TRUE,5,0.578501835580663,0.0800553690603236,0.0654673076923077
"88",97,TRUE,5,0.578501835580663,0.0800553690603236,0.0654673076923077
"89",98,TRUE,5,0.512874697798847,0.0860623031562913,0.0726511904761905
"90",99,TRUE,5,0.514015185835739,0.0859614969113915,0.0722972222222222
"91",100,TRUE,5,0.508882377226796,0.086414252836835,0.0728448412698412
"92",101,TRUE,5,0.508882377226796,0.086414252836835,0.0728448412698412
"93",102,TRUE,5,0.506927660362068,0.0865860524694211,0.0731547619047619
"94",103,TRUE,5,0.599733439431851,0.0780130531324996,0.0663127450980392
"95",104,TRUE,5,0.599733439431851,0.0780130531324997,0.0663127450980392
"96",105,TRUE,5,0.552678634074991,0.0824712242160346,0.0654424242424243
"97",106,TRUE,5,0.588180202361204,0.0791309228414243,0.0680845238095238
"98",107,TRUE,5,0.587271182828496,0.0792182084753489,0.0684579365079365
"99",108,TRUE,5,0.582821436115915,0.0796441006498884,0.0695384920634921
"100",109,TRUE,5,0.583730455648623,0.0795572822815182,0.0691650793650794
"101",110,TRUE,5,0.57584980191983,0.0803068252220736,0.071261507936508
"102",111,TRUE,5,0.507255387793677,0.0865572723705337,0.0751892857142858
"103",112,TRUE,5,0.654176380809741,0.0725136800370592,0.0578321428571428
"104",113,TRUE,5,0.654176380809741,0.0725136800370593,0.0578321428571429
"105",114,TRUE,5,0.655460320180208,0.0723789440902466,0.0570440476190476
"106",115,TRUE,5,0.656245468408385,0.0722964273070291,0.0554738095238095
"107",116,TRUE,5,0.661612913869722,0.0717297819294486,0.0547202380952381
"108",117,TRUE,5,0.503344159238582,0.0869001235226623,0.0759210317460317
"109",118,TRUE,5,0.506326112531399,0.0866388538247332,0.0753694444444444
"110",119,TRUE,5,0.655460320180208,0.0723789440902466,0.0570440476190476
"111",120,TRUE,5,0.655460320180208,0.0723789440902466,0.0570440476190476
