"","n","k","R2","RMSE","MAE"
"1",2,7,0.174658310094574,0.112023596521988,0.0919351190476191
"2",3,7,0.330367687638365,0.100904566535014,0.0870845238095238
"3",4,5,0.139899825168053,0.114358154497176,0.0936283333333334
"4",5,5,0.501217339995761,0.0870859900711169,0.0682366666666667
"2",6,5,0.452081643158048,0.0912747276084679,0.0756116666666667
"3",7,5,0.401433685263939,0.0954000838574056,0.0762333333333334
"4",8,7,0.71002510151925,0.0664007252183574,0.0562559523809524
"5",9,5,0.58583295819301,0.0793561131860678,0.060875
"6",10,5,0.487885969655102,0.0882421248610889,0.0710466666666667
"7",11,5,0.655591236745809,0.0723651916785043,0.0604616666666667
"8",12,5,0.738251247287052,0.063086281657214,0.05449
"9",13,5,0.690090565713342,0.0686451753585057,0.0560583333333334
"10",14,5,0.714840018266519,0.065847138890008,0.0522183333333333
"11",15,5,0.783224499365277,0.0574113446977163,0.0454616666666667
"12",16,5,0.801705470505709,0.0549095629194041,0.0455183333333333
"13",17,5,0.854391989258,0.0470527763970062,0.0410816666666667
"14",18,5,0.830201775322718,0.0508111697037833,0.0441583333333333
"15",19,5,0.85674011579638,0.0466718394752125,0.04141
"16",20,5,0.850735454022188,0.0476399121885561,0.0423483333333333
"17",21,5,0.85143644464338,0.0475279149553186,0.0431416666666667
"18",22,5,0.862905736027643,0.045656462850291,0.0406266666666667
"19",23,5,0.860707393959928,0.0460210636556783,0.0410116666666666
"20",24,5,0.823217531791746,0.0518456372320758,0.0431783333333334
"21",25,5,0.857076994934807,0.0466169321884942,0.0413516666666667
"22",26,5,0.861421408841121,0.0459029599626575,0.04068
"23",27,5,0.794413123536824,0.0559101058247374,0.0457866666666667
"24",28,5,0.778088979498341,0.0580874157341043,0.0494066666666667
"25",29,5,0.786674862823327,0.0569526107098408,0.0479733333333333
"26",30,5,0.745779552369436,0.0621724325297528,0.0558083333333333
"27",31,5,0.737743901828297,0.0631473918701319,0.0552216666666667
"28",32,5,0.699101825622921,0.0676398127338232,0.05632
"29",33,5,0.699101825622921,0.0676398127338231,0.05632
"30",34,5,0.781012933541239,0.057703459746073,0.0488933333333333
"31",35,5,0.802621540086683,0.0547825820859149,0.0472483333333333
"32",36,5,0.708104857953342,0.0666202186526984,0.0528933333333334
"33",37,5,0.68812131557796,0.0688629251968479,0.05388
"34",38,5,0.686501580809692,0.0690415126331012,0.05503
"35",39,5,0.751914233132363,0.0614176994033479,0.0486333333333334
"36",40,5,0.828878910814744,0.0510087155951477,0.0438333333333333
"37",41,5,0.802371729036146,0.0548172387727316,0.0485533333333333
"38",42,5,0.807257727231828,0.0541353698303306,0.0468566666666667
"39",43,5,0.73727666828424,0.0632036183035961,0.0551583333333334
"40",44,9,0.694413351251823,0.0681647440037948,0.0607814814814815
"41",45,5,0.77609601341536,0.0583476720472491,0.051265
"42",46,9,0.678199299710289,0.0699497412903319,0.0635990740740741
"43",47,5,0.814892946997923,0.0530522861587196,0.0449266666666667
"44",48,7,0.78570301077733,0.0570821936923827,0.0511238095238095
"45",49,7,0.76461502346645,0.0598249012495951,0.0544452380952381
"46",50,7,0.646679085035064,0.0732954968872275,0.0624690476190476
"47",51,5,0.734043600168207,0.0635913204245149,0.0517083333333333
"48",52,5,0.734043600168207,0.0635913204245149,0.0517083333333333
"49",53,5,0.709932476660129,0.0664113293547619,0.0573966666666667
"50",54,5,0.710589203212368,0.0663361075634278,0.0573383333333333
"51",55,5,0.710589203212368,0.0663361075634278,0.0573383333333333
"52",56,7,0.600804432238998,0.0779086135021227,0.0684678571428571
"53",57,9,0.609315832213842,0.077073578962405,0.0678231481481481
"54",58,7,0.670863710299389,0.070742516490833,0.064202380952381
"55",59,7,0.709860924187429,0.0664195198646273,0.061052380952381
"56",60,5,0.707152420606625,0.0667288191391373,0.0554877777777778
"57",61,5,0.691847051679621,0.0684503674475434,0.0564861111111112
"58",62,5,0.701207928044197,0.0674026784828813,0.05618
"59",63,5,0.626800385471839,0.0753291754014782,0.06145
"60",64,5,0.718740427893033,0.0653952607864923,0.0558366666666667
"61",65,5,0.718740427893034,0.0653952607864922,0.0558366666666667
"62",66,5,0.709014501998875,0.066516332079673,0.0567516666666667
"63",67,5,0.70620555868281,0.0668366089804083,0.056995
"64",68,5,0.712032559115413,0.0661704843566979,0.05415
"65",69,5,0.66824322783627,0.0710235733166578,0.058635
"66",70,5,0.657823911911631,0.0721302518596278,0.0586083333333334
"67",71,7,0.610905312748923,0.0769166340165466,0.065077380952381
"68",72,7,0.617498304975418,0.0762621951884811,0.0652880952380953
"69",73,5,0.707110772156139,0.0667335640189153,0.0547716666666667
"70",74,5,0.750251301929314,0.0616231985537914,0.05135
"71",75,7,0.542362113913973,0.0834168153613767,0.0696202380952381
"72",76,7,0.659867825481225,0.0719145020996801,0.061452380952381
"73",77,7,0.528568828917116,0.0846645818011559,0.0706511904761905
"74",78,7,0.468669429082473,0.0898824749476842,0.0736607142857143
"75",79,7,0.549824344596966,0.0827339239784428,0.068197619047619
"76",80,5,0.603081368699884,0.0776861077241828,0.0631466666666667
"77",81,5,0.585277018937394,0.0794093554521968,0.06467
"78",82,5,0.673985646212096,0.0704062123205995,0.0595166666666667
"79",83,5,0.673156646911278,0.0704956710254845,0.0599016666666667
"80",84,5,0.792289623282295,0.0561981108816539,0.04743
"81",85,5,0.792289623282295,0.0561981108816539,0.04743
"82",86,5,0.728054154921309,0.0643033848253729,0.0522383333333334
"83",87,5,0.728054154921309,0.0643033848253729,0.0522383333333334
"84",88,5,0.736456098251172,0.0633022440360529,0.0511783333333333
"85",89,5,0.736066175013274,0.0633490557677592,0.05156
"86",90,5,0.73812155056161,0.0631019093741756,0.0525316666666667
"87",91,5,0.73812155056161,0.0631019093741755,0.0525316666666667
"88",92,5,0.73812155056161,0.0631019093741755,0.0525316666666667
"89",93,5,0.73812155056161,0.0631019093741755,0.0525316666666667
"90",94,5,0.740891995471708,0.0627672403939082,0.0518533333333333
"91",95,5,0.734183762777716,0.0635745614744346,0.0528333333333334
"92",96,5,0.71872936790453,0.0653965465449056,0.054835
"93",97,7,0.644247550779335,0.0735472721553736,0.0586321428571428
"94",98,7,0.652343543567249,0.0727055844265261,0.0577928571428571
"95",99,5,0.728515945065673,0.0642487649686747,0.05399
"96",100,7,0.645627735158068,0.0734044657717641,0.0594607142857143
"97",101,5,0.739606447737629,0.0629227555552573,0.0530583333333334
"98",102,7,0.667735626732305,0.0710778870001646,0.0580380952380953
"99",103,7,0.668228064773453,0.0710251963771179,0.0575226190476191
"100",104,7,0.660870941003716,0.0718083789143922,0.0585178571428572
"101",105,7,0.660870941003716,0.0718083789143922,0.0585178571428572
"102",106,7,0.670844283008242,0.0707446042508702,0.0570416666666667
"103",107,7,0.599945647318285,0.0779923704405679,0.0614869047619048
"104",108,5,0.597148144147768,0.0782645882035207,0.0622983333333334
"105",109,5,0.633690326432848,0.0746305795234099,0.0624133333333334
"106",110,5,0.590079101525556,0.0789482758941997,0.0647166666666667
"107",111,5,0.584159247611672,0.0795162964429305,0.0658933333333334
"108",112,5,0.584159247611672,0.0795162964429305,0.0658933333333334
"109",113,5,0.68906617620532,0.0687585332886035,0.0588916666666667
"110",114,5,0.690197462858916,0.0686333354379148,0.05875
"111",115,5,0.690197462858916,0.0686333354379148,0.05875
"112",116,5,0.680789952828025,0.06966760748966,0.05973
"113",117,5,0.660920916957997,0.0718030876773416,0.0576066666666667
"114",118,5,0.682471053542416,0.0694839151650701,0.0568066666666667
"115",119,5,0.705515240018809,0.0669150847467644,0.0559883333333334
"116",120,5,0.675611372446881,0.0702304466263267,0.0575983333333333
